0.34537,0.02981,0.08938,16.97294,1.14602,0.13141
0.39914,0.02815,0.06244,16.64223,1.4583,0.19924
0.30196,0.07814,0.08703,14.62383,1.10112,0.26648
0.39405,0.08527,0.02342,15.97835,1.12139,0.12538
0.30739,0.09275,0.14671,13.85024,1.48363,0.19351
0.36518,0.03523,0.13483,16.09118,1.04311,0.29303
0.37667,0.02425,0.08587,14.99637,1.13122,0.12402
0.30622,0.05754,0.05652,14.69257,1.43588,0.21733
0.21375,0.08761,0.04179,15.05432,1.15699,0.2456
0.35379,0.09098,0.14159,13.72928,1.56729,0.15599
0.3238,0.08003,0.1496,15.28371,1.42116,0.28868
0.27954,0.05892,0.05511,13.5462,1.38222,0.18252
0.20978,0.07936,0.07112,16.25051,1.3977,0.26386
0.21897,0.03195,0.06355,14.1823,1.58109,0.20891
0.20617,0.06105,0.03364,16.85642,1.31057,0.1554
0.24608,0.03732,0.10938,16.29201,1.21774,0.27551
0.34222,0.06188,0.13041,16.70685,1.56243,0.19584
0.33866,0.04852,0.03114,13.36074,1.42773,0.26089
0.38154,0.02705,0.1038,15.72063,1.06512,0.23469
0.37827,0.09508,0.07408,15.67047,1.2601,0.12009
0.22951,0.06981,0.06168,14.38805,1.0043,0.11455
0.22786,0.03507,0.05988,16.65059,1.59991,0.14211
0.2745,0.02313,0.12485,15.11914,1.25013,0.29847
0.34893,0.04514,0.0441,15.78359,1.18714,0.21171
0.315,0.04671,0.03928,13.63172,1.17696,0.10584
0.36134,0.02897,0.13272,15.58444,1.27281,0.14431
0.25315,0.08628,0.02003,13.45717,1.23596,0.1634
0.28619,0.05362,0.10106,13.01514,1.54062,0.24189
0.20353,0.03365,0.1062,14.34698,1.32246,0.29696
0.32514,0.09429,0.05886,14.3052,1.10813,0.22622
0.24314,0.09194,0.12111,16.49838,1.36992,0.23865
0.33483,0.06972,0.144,14.42321,1.51054,0.22921
0.32847,0.02131,0.07001,16.94022,1.22003,0.17432
0.34008,0.06751,0.13212,13.42061,1.35535,0.24955
0.36326,0.0518,0.08494,13.31378,1.45088,0.20049
0.26408,0.0632,0.04744,14.55487,1.27401,0.21401
0.31817,0.05578,0.11383,14.50339,1.55678,0.15913
0.28058,0.04584,0.03877,15.46529,1.09139,0.2945
0.23898,0.02567,0.11579,13.7727,1.24374,0.26689
0.35874,0.03108,0.09706,15.42112,1.38813,0.25489
0.39685,0.04195,0.09365,16.4285,1.01369,0.2359
0.27323,0.08071,0.12622,16.34828,1.40346,0.28339
0.20108,0.08405,0.06595,14.64645,1.09662,0.16743
0.21632,0.05966,0.13657,15.94868,1.15122,0.28576
0.28728,0.07362,0.09901,15.22625,1.37418,0.18608
0.35776,0.09007,0.02546,13.81473,1.47973,0.22683
0.35164,0.06449,0.0922,14.24322,1.44478,0.15224
0.3114,0.04032,0.13703,15.53241,1.00919,0.13953
0.2686,0.05672,0.10982,16.54519,1.11393,0.20425
0.39218,0.09673,0.07621,13.94833,1.46069,0.2714
0.30278,0.04483,0.11777,16.03669,1.17292,0.25565
0.27023,0.08372,0.1123,15.19787,1.1948,0.24757
0.37115,0.0368,0.02686,13.89987,1.25507,0.17581
0.38422,0.09976,0.13931,14.579,1.02702,0.10242
0.33204,0.03818,0.14774,15.34711,1.49556,0.17829
0.38578,0.05448,0.11455,16.88675,1.30057,0.18715
0.27595,0.04838,0.04811,15.82848,1.57953,0.20885
0.32038,0.06862,0.14467,13.22916,1.52821,0.11789
0.2945,0.06675,0.12884,14.87751,1.49321,0.21827
0.25905,0.03889,0.09422,13.31051,1.50629,0.27638
0.3311,0.0226,0.08154,15.85806,1.07533,0.20607
0.39051,0.04067,0.02277,13.62184,1.36347,0.10788
0.29187,0.08284,0.09646,16.75919,1.41495,0.16446
0.2409,0.07691,0.05042,15.13602,1.40815,0.27944
0.26478,0.03247,0.08337,14.00388,1.52232,0.25913
0.22376,0.07549,0.0689,16.55661,1.13735,0.2326
0.31669,0.02792,0.07712,13.08034,1.31561,0.19231
0.38685,0.08694,0.14004,15.37974,1.33016,0.28102
0.21111,0.08134,0.0732,14.08336,1.29067,0.17283
0.29997,0.02446,0.05357,16.20835,1.20032,0.22343
0.36871,0.05539,0.03634,15.63006,1.18338,0.24414
0.23438,0.04976,0.12386,13.13505,1.04866,0.18217
0.25442,0.07676,0.05225,15.55792,1.29371,0.14619
0.37425,0.09589,0.0671,13.69317,1.23153,0.10175
0.29583,0.08864,0.08064,16.3802,1.51554,0.29043
0.30987,0.05249,0.10239,13.10217,1.33406,0.1158
0.2561,0.06609,0.03165,14.04525,1.34878,0.1122
0.24835,0.04309,0.02764,14.24988,1.02093,0.26961
0.2499,0.06384,0.04053,16.18252,1.5345,0.14735
0.2359,0.07275,0.04478,14.94423,1.34601,0.16175
0.33693,0.0202,0.09981,14.84377,1.21104,0.11022
0.23157,0.07488,0.04979,14.13828,1.46765,0.17047
0.37021,0.07151,0.10803,15.00019,1.05813,0.15038
0.26076,0.09336,0.03454,13.19177,1.16534,0.12688
0.28377,0.06006,0.07856,15.89209,1.03637,0.13595
0.28914,0.07218,0.11833,13.52042,1.06824,0.25234
0.34733,0.04329,0.08863,14.73394,1.08484,0.12964
0.2077,0.0987,0.12707,16.82175,1.54898,0.19048
0.22002,0.09747,0.02939,16.11139,1.28004,0.13419
0.22495,0.05064,0.12015,14.80778,1.59138,0.2218
0.31526,0.06384,0.11944,15.70883,1.32799,0.27815
0.39661,0.04706,0.08973,15.09264,1.4583,0.24583
0.26023,0.07814,0.1026,15.46408,1.10112,0.2454
0.27317,0.04113,0.03472,15.97835,1.31484,0.23527
0.26738,0.0525,0.06964,15.6934,1.4788,0.26298
0.35864,0.03077,0.12618,13.83674,1.46844,0.16987
0.26318,0.0389,0.08587,13.20182,1.11997,0.12402
0.32139,0.05948,0.05652,14.29706,1.43588,0.13381
0.21375,0.08761,0.08314,14.12523,1.26834,0.25708
0.31794,0.07263,0.06799,14.17272,1.14174,0.13599
0.35985,0.04577,0.13204,15.46742,1.33216,0.24613
0.33201,0.03619,0.10807,15.29211,1.17956,0.17798
0.38014,0.07936,0.07112,16.25051,1.14654,0.26386
0.37329,0.03413,0.08646,16.03232,1.473,0.22665
0.28705,0.09398,0.13915,15.24029,1.37389,0.15469
0.39041,0.02153,0.10938,16.68494,1.35353,0.27474
0.37177,0.0237,0.13041,16.75393,1.52031,0.22802
0.33866,0.05276,0.0927,15.53921,1.42773,0.16114
0.3436,0.02968,0.13703,15.86292,1.55543,0.13741
0.28149,0.03883,0.12065,16.96129,1.56676,0.12009
0.3708,0.06981,0.13078,16.19187,1.5665,0.11455
0.30311,0.0694,0.13673,16.65059,1.42701,0.19259
0.39363,0.02313,0.0999,14.28787,1.25013,0.22254
0.34893,0.02154,0.10358,13.97854,1.56872,0.25062
0.315,0.09218,0.03928,13.11667,1.17696,0.19282
0.36134,0.03573,0.1159,15.9918,1.46127,0.14431
0.36301,0.04575,0.02003,16.85891,1.23596,0.2009
0.26233,0.06893,0.10106,13.01514,1.42312,0.24189
0.20353,0.03491,0.1349,13.30666,1.20243,0.29696
0.35715,0.06224,0.05886,13.30378,1.50014,0.21162
0.34182,0.02327,0.0819,16.49838,1.36992,0.24302
0.33483,0.06947,0.10402,14.42321,1.51054,0.28193
0.29032,0.02131,0.08294,15.56823,1.49218,0.18248
0.30599,0.05141,0.11175,16.15454,1.53668,0.26819
0.33307,0.0518,0.06599,14.69916,1.45088,0.25508
0.28224,0.0632,0.04744,13.64012,1.57012,0.22817
0.30464,0.05578,0.03587,14.50339,1.58516,0.24569
0.32218,0.05596,0.14651,15.46529,1.23971,0.2945
0.23898,0.06115,0.05363,13.55463,1.56291,0.16324
0.37012,0.06447,0.09003,16.97294,1.42362,0.14626
0.39028,0.02257,0.11098,15.40236,1.59353,0.17446
0.27089,0.08071,0.07924,14.59026,1.59828,0.27878
0.24198,0.02064,0.13081,14.64645,1.09662,0.2671
0.38361,0.06286,0.13657,15.94868,1.49311,0.18739
0.28728,0.05091,0.14007,15.22625,1.37418,0.27678
0.23509,0.03228,0.02546,15.54087,1.10792,0.1735
0.28666,0.04548,0.09818,15.5618,1.44478,0.12771
0.3114,0.09166,0.09583,14.91985,1.18851,0.24222
0.30797,0.05672,0.03054,15.29912,1.42185,0.21403
0.3752,0.02741,0.05809,13.94833,1.35746,0.21663
0.32125,0.06432,0.03447,16.03669,1.17292,0.21751
0.27023,0.054,0.06872,15.19787,1.12838,0.27577
0.37115,0.02403,0.12503,14.11919,1.383,0.27649
0.37228,0.07505,0.06361,14.579,1.48455,0.18577
0.33204,0.04362,0.14774,13.54019,1.57449,0.18962
0.34539,0.05448,0.13731,13.72086,1.5372,0.27436
0.29975,0.02268,0.1283,15.82848,1.52166,0.20885
0.35411,0.03427,0.07444,16.19006,1.12651,0.28008
0.2945,0.04749,0.07794,16.56223,1.25098,0.23465
0.25905,0.07466,0.06269,13.80916,1.50629,0.27638
0.38056,0.0226,0.08154,15.85806,1.02802,0.20607
0.39051,0.06828,0.09414,16.24853,1.36347,0.23622
0.29187,0.05166,0.11322,15.3928,1.41495,0.16446
0.31462,0.02699,0.05475,15.13602,1.49827,0.16719
0.31349,0.07805,0.11533,14.70855,1.00714,0.29359
0.22376,0.08504,0.05832,15.05113,1.18262,0.29284
0.36037,0.02777,0.10124,13.08034,1.41927,0.19231
0.3698,0.06024,0.02733,16.79564,1.43908,0.28102
0.32604,0.08134,0.02763,15.7419,1.12178,0.20696
0.20822,0.05317,0.11983,16.20835,1.19473,0.22343
0.39673,0.08956,0.05328,14.2488,1.18338,0.2158
0.22608,0.02062,0.09455,13.13505,1.04866,0.18217
0.25442,0.05187,0.05225,16.7006,1.53828,0.24799
0.30227,0.09589,0.0671,16.8637,1.05394,0.26422
0.31176,0.08864,0.13999,14.33355,1.03804,0.18867
0.33724,0.04082,0.08644,15.85217,1.40499,0.1158
0.26024,0.03264,0.0857,16.72547,1.18408,0.1122
0.30028,0.0967,0.02764,14.24988,1.49094,0.25796
0.26837,0.06384,0.0671,14.04245,1.34042,0.14665
0.2359,0.07275,0.04478,16.27636,1.12052,0.15721
0.3109,0.06593,0.09981,16.60491,1.21104,0.27468
0.25021,0.04302,0.05308,14.67039,1.31987,0.22502
0.37021,0.04421,0.02803,15.71989,1.05813,0.10121
0.37254,0.04491,0.03454,16.94649,1.16534,0.26074
0.25089,0.06043,0.07856,14.62339,1.49672,0.14686
0.37983,0.07218,0.11833,15.51733,1.22356,0.29743
0.36927,0.04137,0.05789,16.57136,1.14815,0.13945
0.2077,0.0232,0.05718,15.67487,1.54898,0.14077
0.22002,0.05509,0.03224,14.45509,1.04469,0.23549
0.35274,0.02612,0.07355,16.47815,1.59138,0.16991
0.27767,0.03427,0.03774,16.20703,1.0049,0.28008
0.3483,0.0745,0.10924,16.18042,1.4583,0.20363
0.31675,0.04207,0.08703,14.62383,1.02014,0.29205
0.30604,0.09841,0.12673,15.97835,1.05075,0.23714
0.38975,0.05694,0.14671,16.33087,1.48363,0.19351
0.26578,0.05375,0.12618,15.80246,1.23985,0.21403
0.37667,0.02425,0.08587,14.99637,1.25399,0.25233
0.32139,0.05948,0.08195,14.29706,1.22585,0.26546
0.37558,0.04179,0.107,14.32192,1.40398,0.25708
0.30617,0.03807,0.06474,13.72928,1.27726,0.14203
0.25735,0.06923,0.04648,15.46742,1.47442,0.15415
0.33201,0.03619,0.06024,15.29211,1.17956,0.16598
0.38014,0.0634,0.03879,16.25051,1.25408,0.26386
0.25271,0.03867,0.09706,14.02805,1.38813,0.26114
0.33169,0.0231,0.07557,15.2936,1.42557,0.15469
0.30614,0.07421,0.08791,16.73802,1.35353,0.11422
0.37177,0.0237,0.12292,16.08884,1.44777,0.25771
0.28166,0.04276,0.0927,15.53921,1.19572,0.16114
0.29647,0.06523,0.03178,16.03115,1.33856,0.29465
0.37827,0.07856,0.07711,16.55497,1.42178,0.12009
0.32254,0.02851,0.0609,14.59138,1.16688,0.25633
0.30311,0.06356,0.05927,16.65059,1.0169,0.14499
0.31858,0.03764,0.04313,15.59396,1.43889,0.22254
0.28402,0.03413,0.10941,13.43272,1.473,0.20332
0.29904,0.04979,0.03928,14.43473,1.22527,0.23502
0.35568,0.03154,0.05181,15.50373,1.08189,0.14431
0.31721,0.05041,0.08577,14.91335,1.11178,0.25548
0.37048,0.03375,0.14118,13.01514,1.54062,0.25947
0.38732,0.05539,0.1349,15.08725,1.16997,0.28903
0.25163,0.06119,0.0799,16.93825,1.1708,0.25246
0.34182,0.04801,0.11047,13.17452,1.36992,0.24302
0.35672,0.09451,0.10402,15.73996,1.22602,0.15335
0.21369,0.06844,0.1448,16.55087,1.04779,0.26488
0.30599,0.04587,0.11175,15.41731,1.11705,0.26819
0.31219,0.0518,0.13576,16.78025,1.0367,0.13098
0.24493,0.04338,0.07821,16.97712,1.26811,0.1949
0.3338,0.04399,0.03301,13.9799,1.42883,0.24647
0.32218,0.031,0.02976,15.88716,1.57723,0.20598
0.23898,0.03205,0.11579,16.51387,1.41621,0.23909
0.37012,0.02961,0.09003,16.97294,1.09679,0.28641
0.21282,0.08063,0.03837,15.40236,1.18961,0.22859
0.27323,0.02695,0.11684,16.6083,1.32283,0.28339
0.29179,0.09681,0.05067,15.39488,1.33214,0.16948
0.36067,0.0356,0.11206,16.01016,1.43027,0.15688
0.28728,0.05721,0.05875,14.24427,1.31869,0.17287
0.30997,0.04058,0.07176,14.91241,1.1538,0.24375
0.32509,0.03231,0.06286,14.83967,1.44478,0.20214
0.26147,0.04032,0.03381,15.17649,1.28117,0.20528
0.32524,0.06142,0.09716,15.40247,1.08892,0.20425
0.39218,0.02217,0.0823,14.70049,1.54391,0.2714
0.30278,0.05597,0.05608,14.1932,1.28008,0.16199
0.35768,0.08372,0.1123,15.19787,1.21548,0.24757
0.33138,0.05827,0.12467,14.408,1.42233,0.18626
0.34059,0.03556,0.10199,16.38759,1.02702,0.29742
0.31915,0.06411,0.1052,15.34711,1.56999,0.23579
0.38943,0.02956,0.04481,14.59326,1.0966,0.21813
0.39296,0.04277,0.11875,13.31027,1.38693,0.19335
0.37253,0.04972,0.10358,13.97854,1.5183,0.20387
0.27207,0.04749,0.09848,14.53786,1.39185,0.20426
0.25905,0.09114,0.08726,15.46161,1.50629,0.27873
0.39488,0.0513,0.04665,15.85806,1.3517,0.20607
0.32964,0.06842,0.11043,16.2871,1.44009,0.26452
0.25736,0.05589,0.12321,14.21632,1.41495,0.27353
0.32435,0.05414,0.05084,15.13602,1.26564,0.27077
0.31349,0.0374,0.06726,14.70855,1.4516,0.23811
0.24802,0.08504,0.05991,14.11938,1.54686,0.239
0.32998,0.0227,0.08777,13.08034,1.41031,0.27572
0.31819,0.08694,0.04664,15.37974,1.33016,0.25231
0.21111,0.03843,0.06395,16.34326,1.24182,0.21963
0.29765,0.03934,0.11983,13.05354,1.19473,0.16787
0.34417,0.04104,0.07843,14.39996,1.18338,0.24333
0.23438,0.04345,0.12386,14.89271,1.12532,0.25376
0.23881,0.02397,0.05225,13.55844,1.03908,0.1888
0.37676,0.03266,0.06005,15.2721,1.43454,0.14229
0.37377,0.09439,0.13758,14.33355,1.17946,0.25531
0.2429,0.04276,0.03524,13.10217,1.44502,0.2404
0.21424,0.04776,0.09252,16.72547,1.31767,0.13686
0.38865,0.02875,0.10888,13.36793,1.0828,0.25796
0.38469,0.02382,0.07741,15.84178,1.2182,0.16498
0.31615,0.04789,0.0914,13.4589,1.08285,0.2923
0.25223,0.0236,0.04808,16.89472,1.58793,0.27468
0.25555,0.07011,0.11157,14.75777,1.52778,0.22502
0.37021,0.07151,0.10886,14.75247,1.52927,0.15038
0.37254,0.04491,0.06784,15.3616,1.45738,0.23391
0.31622,0.0598,0.06417,14.38062,1.15113,0.13274
0.3698,0.07955,0.11833,14.08882,1.12866,0.18591
0.34733,0.04329,0.03447,14.28983,1.16313,0.27249
0.27908,0.07894,0.0479,16.82175,1.58508,0.19048
0.22002,0.02128,0.08211,13.91509,1.32258,0.28705
0.32722,0.07952,0.09407,15.97403,1.45812,0.25762
0.35189,0.0244,0.0823,16.91979,1.59631,0.27259
0.37384,0.03031,0.06654,15.09264,1.4583,0.266
0.21135,0.04765,0.08703,16.75182,1.56911,0.13216
0.30604,0.02103,0.09625,13.28995,1.31978,0.23714
0.26063,0.03095,0.14671,13.92267,1.43299,0.26144
0.34765,0.04907,0.12618,15.1561,1.46844,0.26364
0.39829,0.03753,0.10147,14.99637,1.38669,0.25233
0.33618,0.03774,0.11832,14.34663,1.22585,0.25407
0.36231,0.04179,0.09598,13.28079,1.52411,0.19823
0.35379,0.05892,0.10601,15.00113,1.554,0.15599
0.29344,0.04577,0.10405,16.67711,1.22834,0.22959
0.37578,0.02758,0.10807,15.29211,1.50386,0.29014
0.35461,0.02315,0.0512,15.32988,1.14654,0.2648
0.35364,0.06363,0.09706,14.47324,1.38813,0.24543
0.31195,0.02537,0.07454,15.24029,1.40805,0.2604
0.37132,0.05023,0.10938,14.24661,1.35353,0.17547
0.32897,0.02454,0.12292,16.08884,1.35708,0.28075
0.38594,0.04085,0.07325,15.89958,1.52463,0.24819
0.38451,0.02659,0.06883,13.96681,1.34533,0.25574
0.36447,0.05582,0.11286,13.98758,1.33806,0.25354
0.39391,0.04709,0.13078,15.3556,1.5665,0.20196
0.38044,0.02335,0.07842,13.44995,1.3734,0.2298
0.34091,0.0273,0.06975,14.03011,1.38253,0.22254
0.25489,0.0518,0.04663,13.735,1.54548,0.1897
0.315,0.0693,0.08659,13.53662,1.35656,0.27889
0.36134,0.03454,0.07645,15.08723,1.45015,0.28668
0.31721,0.04613,0.08577,14.91335,1.35587,0.25548
0.38392,0.07063,0.10106,13.01514,1.41605,0.1644
0.38732,0.05539,0.07371,15.08725,1.38487,0.17969
0.26544,0.02068,0.04508,13.42099,1.10813,0.27357
0.32617,0.04017,0.0465,13.76483,1.36992,0.10086
0.34942,0.06947,0.05744,13.52581,1.49508,0.15178
0.23189,0.08148,0.05263,16.55087,1.04779,0.26711
0.38636,0.02751,0.06338,15.02502,1.28589,0.22573
0.34819,0.05993,0.08494,13.55812,1.40546,0.2459
0.38618,0.02339,0.07267,14.5136,1.43356,0.20543
0.3771,0.03277,0.11383,14.8399,1.36801,0.26794
0.36984,0.02259,0.14651,13.79865,1.41431,0.25899
0.36447,0.04393,0.06718,13.7727,1.35402,0.19712
0.37012,0.06328,0.0613,13.83713,1.36884,0.21738
0.229,0.02257,0.05234,15.40236,1.59353,0.29247
0.32525,0.08071,0.12622,16.34828,1.37944,0.28745
0.24198,0.02064,0.09023,13.35025,1.22929,0.17804
0.3298,0.0356,0.11206,15.76538,1.43027,0.15688
0.36645,0.05091,0.14007,15.1955,1.3394,0.15323
0.30997,0.02007,0.07176,14.04707,1.11207,0.24375
0.23291,0.06449,0.05411,13.4073,1.44478,0.22577
0.38242,0.0823,0.05745,13.99369,1.00919,0.23993
0.34862,0.06142,0.09716,15.40247,1.56033,0.20425
0.38843,0.03427,0.03397,14.65536,1.25317,0.25191
0.24526,0.04483,0.06171,13.09967,1.32495,0.24685
0.35768,0.03923,0.08184,13.99826,1.13227,0.24757
0.39705,0.02172,0.05991,14.11919,1.13831,0.27649
0.34059,0.06248,0.10199,13.99938,1.02702,0.28844
0.30684,0.08622,0.1052,13.1302,1.12112,0.1155
0.29362,0.06602,0.11455,16.88675,1.1337,0.21372
0.39251,0.02268,0.1283,15.21816,1.52166,0.27885
0.38972,0.04199,0.02613,13.13717,1.01991,0.1914
0.37795,0.03362,0.06399,13.47295,1.17098,0.23255
0.34337,0.04964,0.06269,14.56716,1.11477,0.27638
0.38056,0.0921,0.07022,15.85806,1.23687,0.29392
0.37304,0.02182,0.06289,13.25709,1.19264,0.23622
0.29187,0.0351,0.03992,15.04973,1.13578,0.16446
0.24202,0.04321,0.05393,15.13602,1.49827,0.27995
0.27038,0.02048,0.03168,14.23802,1.14884,0.29359
0.36471,0.02266,0.04315,13.58618,1.1295,0.2601
0.32876,0.09518,0.10124,14.31929,1.31837,0.2125
0.38589,0.06304,0.05067,13.1774,1.33016,0.10833
0.33046,0.08134,0.06743,14.08336,1.1148,0.25126
0.38151,0.03852,0.04494,13.05354,1.0563,0.29145
0.21748,0.04104,0.07271,14.16911,1.10747,0.21607
0.2731,0.07234,0.07015,13.58179,1.401,0.18217
0.28998,0.03541,0.06427,15.55792,1.29371,0.2691
0.38316,0.02324,0.05603,13.07743,1.23153,0.2
0.31176,0.05825,0.09864,14.61712,1.07887,0.17705
0.24334,0.02365,0.03708,15.38139,1.14093,0.1158
0.21424,0.06694,0.09252,14.16712,1.40565,0.14089
0.33674,0.04855,0.05262,14.91159,1.52502,0.25796
0.37829,0.04112,0.03808,14.41043,1.21072,0.2831
0.39253,0.05605,0.02913,13.30937,1.08285,0.2923
0.3109,0.03373,0.09981,15.61125,1.21104,0.26437
0.27711,0.04297,0.11157,14.06915,1.16283,0.22502
0.37678,0.07151,0.05673,14.34073,1.14957,0.1221
0.36067,0.02818,0.06784,15.3616,1.19272,0.28879
0.22296,0.03926,0.06153,13.77351,1.21206,0.22672
0.3413,0.0986,0.07531,15.02637,1.30661,0.22603
0.38658,0.04581,0.02869,14.73394,1.15582,0.21512
0.3744,0.07894,0.05165,14.05582,1.37598,0.19048
0.36268,0.05083,0.08211,13.85582,1.54403,0.27748
0.39731,0.02651,0.05919,15.97403,1.45812,0.25546
0.36368,0.02172,0.13,15.29952,1.0652,0.26992
0.39661,0.04706,0.06042,13.75463,1.34047,0.2309
0.3078,0.07232,0.12526,16.31063,1.30426,0.28263
0.34809,0.02367,0.05627,14.08595,1.10703,0.26407
0.37403,0.03229,0.05896,16.33087,1.36689,0.13874
0.26885,0.03077,0.12618,13.83674,1.47967,0.26176
0.38625,0.07769,0.09501,14.99637,1.09536,0.25233
0.2963,0.08582,0.13644,15.2841,1.22585,0.29178
0.33214,0.04179,0.09598,13.16581,1.13727,0.11893
0.34351,0.09134,0.08503,16.97513,1.03854,0.23766
0.35985,0.03972,0.13204,16.18962,1.24703,0.26584
0.34972,0.09447,0.11186,13.88657,1.19221,0.27531
0.38014,0.03212,0.07112,13.25275,1.15665,0.10769
0.37501,0.06983,0.0665,14.05862,1.03095,0.1492
0.3876,0.02818,0.05314,15.24029,1.38096,0.19994
0.28263,0.05408,0.09217,16.68494,1.35353,0.25092
0.32897,0.08435,0.1263,14.97277,1.03641,0.12768
0.33971,0.07354,0.07325,14.82423,1.16984,0.26989
0.39218,0.02288,0.09159,14.488,1.08444,0.18238
0.38745,0.02042,0.07711,13.54151,1.37318,0.19354
0.27422,0.0522,0.04184,13.30125,1.5665,0.27233
0.32326,0.04889,0.07842,15.32886,1.3734,0.23043
0.39363,0.05289,0.05974,16.19052,1.18342,0.23395
0.37329,0.04202,0.02394,16.03232,1.473,0.27179
0.3872,0.0693,0.04565,13.53662,1.42951,0.28324
0.36134,0.07505,0.04966,14.0078,1.20789,0.22833
0.3897,0.09495,0.08577,14.91335,1.40027,0.14193
0.35563,0.02106,0.05265,13.01514,1.54062,0.29725
0.38732,0.04706,0.06888,15.92996,1.00087,0.17969
0.32554,0.03137,0.07153,14.3052,1.10813,0.29373
0.3604,0.04801,0.05936,16.97036,1.56101,0.28168
0.38829,0.02969,0.08346,15.24787,1.51054,0.28193
0.33869,0.06844,0.06955,14.02888,1.25089,0.25476
0.30599,0.02822,0.0818,13.24975,1.18012,0.21039
0.36477,0.05078,0.07247,14.78105,1.42707,0.29288
0.36734,0.02167,0.05757,15.47628,1.37487,0.19349
0.3771,0.0748,0.11383,14.8399,1.261,0.15108
0.31343,0.03274,0.09757,13.79865,1.41431,0.25899
0.25421,0.02196,0.02724,14.36053,1.37811,0.26364
0.39993,0.02961,0.10034,16.97294,1.55109,0.1996
0.39028,0.09676,0.08918,15.73379,1.59353,0.17654
0.39524,0.05902,0.1125,16.07635,1.1515,0.13728
0.36186,0.02064,0.13081,14.64645,1.20688,0.22903
0.38555,0.03346,0.0797,14.64856,1.47418,0.15688
0.21816,0.04812,0.07229,13.94865,1.42719,0.29887
0.30116,0.02267,0.12731,14.91241,1.51609,0.24375
0.22334,0.07349,0.09865,14.94504,1.09874,0.1008
0.39301,0.0823,0.02079,14.10711,1.10537,0.2354
0.38908,0.03553,0.02374,16.73074,1.4827,0.28014
0.28029,0.02574,0.1016,14.40015,1.02977,0.22413
0.27341,0.06909,0.05386,13.96382,1.29693,0.25565
0.32542,0.07558,0.08184,13.99826,1.46124,0.12327
0.39239,0.06876,0.08002,14.74815,1.34533,0.22813
0.34059,0.03981,0.04874,15.37737,1.24006,0.29073
0.22328,0.06859,0.1052,13.87344,1.40227,0.23579
0.38578,0.05448,0.04879,13.71898,1.30098,0.18715
0.34659,0.07022,0.1283,15.07691,1.52166,0.21869
0.34893,0.04787,0.02809,15.12257,1.181,0.25062
0.38191,0.06794,0.03899,15.32608,1.27562,0.26459
0.31833,0.07466,0.04522,16.84377,1.14487,0.27638
0.38056,0.0226,0.10658,15.85806,1.28107,0.20607
0.39051,0.06828,0.06723,16.24853,1.00241,0.11749
0.31267,0.04296,0.0367,13.00689,1.35986,0.27113
0.2904,0.04946,0.05475,13.07794,1.16584,0.23611
0.31349,0.06501,0.07043,14.00243,1.1714,0.22379
0.2988,0.08504,0.02604,16.65799,1.18262,0.29767
0.36929,0.07626,0.04981,13.27034,1.44157,0.20671
0.24394,0.02758,0.14004,16.30227,1.38877,0.1157
0.34894,0.02443,0.06743,13.42627,1.1148,0.13549
0.21782,0.03896,0.05596,13.65485,1.19473,0.16986
0.38972,0.07979,0.04436,14.39996,1.25392,0.24333
0.23438,0.04976,0.07763,15.70877,1.21593,0.29304
0.2933,0.02446,0.11529,15.55792,1.35476,0.29803
0.36096,0.09589,0.08345,13.69317,1.23148,0.10175
0.31176,0.08249,0.09864,15.91848,1.31824,0.24769
0.30987,0.04884,0.12634,13.10217,1.07979,0.27743
0.34181,0.03119,0.09252,14.97385,1.31767,0.16445
0.38865,0.02347,0.10888,15.73301,1.31289,0.25796
0.38469,0.04262,0.08481,14.43313,1.49564,0.21127
0.36726,0.02491,0.0863,14.45834,1.54534,0.22342
0.27625,0.04111,0.03028,16.10798,1.21104,0.19054
0.27711,0.07291,0.04611,14.79122,1.09323,0.24444
0.37021,0.04816,0.05218,15.00019,1.31753,0.15038
0.36067,0.03744,0.139,13.23285,1.19272,0.25953
0.29018,0.0598,0.07266,15.70226,1.15113,0.21169
0.28914,0.05846,0.11833,13.52042,1.06824,0.24871
0.3564,0.04329,0.10508,16.34576,1.08484,0.23127
0.36568,0.03356,0.076,15.90243,1.33095,0.19048
0.22177,0.07755,0.04539,13.81852,1.23613,0.13278
0.28733,0.04018,0.0226,15.97403,1.45812,0.19968
0.39246,0.07966,0.07275,13.30957,1.26702,0.22781
0.35473,0.04706,0.06042,13.75463,1.20779,0.15716
0.31675,0.06826,0.08228,16.15607,1.07965,0.29205
0.36086,0.04961,0.0367,15.97835,1.19951,0.23714
0.38975,0.05694,0.11935,13.60353,1.12821,0.29724
0.26885,0.02518,0.12618,13.91977,1.47967,0.16197
0.39915,0.05711,0.08778,13.08372,1.10088,0.23205
0.39596,0.08358,0.08195,13.64875,1.22585,0.16963
0.39626,0.04179,0.09598,13.17856,1.12888,0.29678
0.34614,0.06316,0.05093,15.53854,1.33134,0.11191
0.39496,0.05629,0.04488,15.89804,1.36133,0.26584
0.39279,0.04322,0.10807,15.57395,1.48713,0.22043
0.38014,0.02683,0.07112,16.25051,1.49938,0.2471
0.35874,0.04617,0.09706,13.72076,1.38813,0.25801
0.31469,0.08976,0.13915,13.40839,1.42165,0.26059
0.373,0.02153,0.04297,13.29292,1.19585,0.26223
0.31059,0.02161,0.04406,14.31295,1.35708,0.22732
0.22757,0.04885,0.04342,14.88393,1.19246,0.24819
0.27823,0.02217,0.05851,14.70049,1.54391,0.2714
0.35529,0.02284,0.07711,13.49192,1.32148,0.28434
0.27422,0.0522,0.09283,16.04707,1.42067,0.27233
0.37055,0.04429,0.05685,15.32886,1.19669,0.25517
0.4,0.03828,0.04535,13.4898,1.00294,0.24954
0.22588,0.04202,0.03673,14.52341,1.15213,0.27179
0.24182,0.03075,0.06935,14.06334,1.1098,0.21563
0.39815,0.04472,0.04966,14.46416,1.00305,0.16952
0.35452,0.07952,0.08577,14.29607,1.14136,0.18924
0.34215,0.04642,0.02629,13.76533,1.54062,0.20262
0.36567,0.04706,0.06546,15.92996,1.28122,0.29749
0.34915,0.03137,0.02622,13.25521,1.16776,0.24308
0.3079,0.02839,0.05692,16.97036,1.56101,0.16739
0.34554,0.06322,0.13151,15.24787,1.01823,0.2793
0.37341,0.06844,0.06955,14.02888,1.18777,0.20611
0.30599,0.08321,0.02195,14.41692,1.18012,0.21039
0.33068,0.05078,0.07274,14.69627,1.42707,0.29288
0.24518,0.04052,0.0381,13.54471,1.30209,0.20543
0.37705,0.04739,0.07325,15.39049,1.10477,0.2232
0.35857,0.05609,0.04925,13.34431,1.44291,0.25608
0.25421,0.02142,0.04501,13.73239,1.57389,0.27987
0.3714,0.03451,0.0665,14.87237,1.02192,0.1996
0.32366,0.09676,0.11068,15.73379,1.59353,0.26527
0.39674,0.05902,0.1125,16.07635,1.35742,0.2072
0.36028,0.03425,0.04217,14.64645,1.20688,0.16444
0.38545,0.02955,0.0609,14.64856,1.17137,0.15688
0.38866,0.05091,0.03897,13.42518,1.18047,0.26324
0.31131,0.02267,0.08122,14.91241,1.55026,0.24981
0.35164,0.06449,0.07414,13.26968,1.25218,0.21034
0.38242,0.08573,0.06704,13.82694,1.00919,0.26565
0.21798,0.06142,0.08876,13.79425,1.0034,0.1246
0.35467,0.0582,0.1066,13.48422,1.12955,0.28008
0.39747,0.06209,0.05523,14.02939,1.11128,0.1384
0.36473,0.09181,0.08984,13.00385,1.27484,0.2818
0.39088,0.02659,0.05804,16.90531,1.10081,0.19664
0.3366,0.03556,0.10199,14.01683,1.13132,0.29742
0.3706,0.06411,0.03289,15.34711,1.17602,0.28791
0.36319,0.09916,0.03718,13.86048,1.30057,0.28904
0.38403,0.03625,0.1283,15.13586,1.20234,0.28521
0.24528,0.02243,0.0564,14.29567,1.56872,0.25704
0.2945,0.04435,0.07794,16.56223,1.29598,0.23465
0.24512,0.08365,0.06269,14.0653,1.22956,0.28488
0.2168,0.03443,0.0384,13.89521,1.10577,0.21665
0.39051,0.04871,0.06876,13.56712,1.35639,0.27689
0.33526,0.0524,0.11322,13.43763,1.28978,0.28509
0.37706,0.02587,0.05449,13.85483,1.18205,0.22164
0.3954,0.07015,0.06222,14.70855,1.04273,0.19034
0.39701,0.06055,0.05832,13.91914,1.13159,0.12884
0.36037,0.07495,0.10578,13.35937,1.11212,0.22803
0.23631,0.03451,0.04829,13.61753,1.39466,0.24497
0.33646,0.08946,0.09476,14.08336,1.15395,0.25126
0.22988,0.02108,0.09071,13.05354,1.19473,0.14818
0.31531,0.04104,0.04788,14.39996,1.42323,0.27372
0.38882,0.08858,0.12386,13.13505,1.03027,0.29907
0.22922,0.02446,0.05177,14.90944,1.40763,0.29803
0.39282,0.02085,0.07752,14.44299,1.30282,0.25405
0.39799,0.06515,0.06145,14.61712,1.07887,0.17705
0.21325,0.05249,0.0488,14.294,1.15094,0.24093
0.30629,0.03119,0.02276,13.42222,1.07537,0.16445
0.38865,0.0338,0.02456,15.29266,1.17908,0.2717
0.36773,0.04262,0.04974,14.43313,1.32946,0.21127
0.32844,0.02765,0.0863,13.60843,1.0775,0.28684
0.3109,0.02892,0.04307,13.63853,1.21104,0.16135
0.27711,0.04668,0.11157,14.06915,1.03699,0.2777
0.36636,0.04273,0.10803,14.31705,1.05813,0.26139
0.34249,0.07369,0.05614,15.03838,1.24331,0.23409
0.37189,0.03461,0.03244,14.38062,1.05705,0.15273
0.34971,0.037,0.11833,13.86189,1.12265,0.12491
0.34583,0.02918,0.05205,16.09429,1.08484,0.26601
0.28163,0.0333,0.076,13.77536,1.43574,0.21839
0.36268,0.03607,0.08211,16.01129,1.11088,0.27748
0.32722,0.03857,0.09407,14.87901,1.45812,0.16767
0.33261,0.02172,0.05991,14.71588,1.53975,0.25377
0.39661,0.07458,0.06664,13.75463,1.34047,0.11456
0.37726,0.05571,0.08703,14.62383,1.56972,0.1634
0.34671,0.09841,0.09426,14.15211,1.49839,0.29523
0.38975,0.0208,0.11935,14.63192,1.49058,0.27007
0.36551,0.02769,0.12618,15.88405,1.11808,0.26176
0.3936,0.09994,0.11324,15.9582,1.37829,0.1795
0.32139,0.02081,0.10101,14.29706,1.07677,0.26546
0.33214,0.04179,0.06677,13.16581,1.13727,0.26005
0.34863,0.02781,0.11545,14.50492,1.554,0.24548
0.37379,0.09369,0.13204,15.65957,1.10449,0.25332
0.36964,0.07824,0.0217,14.4109,1.37635,0.26445
0.36687,0.05353,0.06321,14.93504,1.2378,0.26386
0.35874,0.02764,0.06627,14.10766,1.48658,0.28597
0.34123,0.08976,0.0561,14.45744,1.57304,0.17595
0.36267,0.04495,0.08916,16.68494,1.30504,0.10462
0.34127,0.02454,0.06627,16.08884,1.32424,0.28597
0.38003,0.07426,0.07325,15.36307,1.05238,0.27159
0.34462,0.06067,0.06821,14.70049,1.32082,0.19648
0.35529,0.04485,0.05414,13.30584,1.30223,0.25631
0.23455,0.04884,0.04184,14.56744,1.5665,0.257
0.34812,0.02006,0.07842,15.24671,1.20604,0.28051
0.37216,0.07328,0.08531,14.68368,1.22203,0.23766
0.36114,0.03886,0.07913,15.65964,1.42465,0.24413
0.34654,0.03591,0.02236,14.9548,1.12955,0.24333
0.26033,0.05163,0.07198,14.0078,1.06553,0.23371
0.3897,0.09495,0.08132,14.37977,1.0777,0.28779
0.35563,0.05295,0.06353,16.3208,1.53997,0.20275
0.38732,0.04706,0.03838,15.92996,1.03772,0.28564
0.38489,0.03068,0.05538,14.3052,1.10813,0.29373
0.37429,0.05594,0.09673,16.97036,1.47852,0.26393
0.38829,0.03185,0.08202,15.45434,1.084,0.28193
0.38635,0.02454,0.06955,14.41709,1.25089,0.25476
0.28318,0.0526,0.11395,14.9029,1.57437,0.21039
0.32662,0.07441,0.07247,13.28745,1.42707,0.28529
0.37738,0.02629,0.05156,14.60548,1.37418,0.20543
0.33603,0.02193,0.07635,14.8399,1.4698,0.21123
0.39186,0.04757,0.09115,13.79865,1.41431,0.26264
0.22103,0.02196,0.11028,14.16078,1.10296,0.26364
0.39993,0.05771,0.04982,14.93917,1.55109,0.18602
0.2171,0.04469,0.05772,14.01182,1.06554,0.27533
0.29572,0.02982,0.09968,16.07635,1.1515,0.28279
0.31572,0.05126,0.04348,13.89217,1.20688,0.25711
0.39191,0.03346,0.0797,13.48137,1.5425,0.27518
0.36574,0.0565,0.04349,13.10485,1.17987,0.25276
0.32843,0.02267,0.05936,16.30645,1.52602,0.22266
0.34974,0.06449,0.0922,14.69881,1.16032,0.15224
0.39114,0.0823,0.08016,15.90296,1.00919,0.1688
0.37726,0.05571,0.03535,13.59544,1.08892,0.14367
0.2797,0.08533,0.07142,16.28848,1.05473,0.2362
0.30278,0.05389,0.04548,13.63575,1.27525,0.25565
0.35502,0.0521,0.08184,14.45114,1.00338,0.23719
0.38866,0.02659,0.02864,13.76409,1.36331,0.2676
0.38107,0.07142,0.0683,13.25647,1.19715,0.29742
0.32958,0.06616,0.07896,14.3992,1.50075,0.24439
0.38578,0.02172,0.10353,15.48568,1.22511,0.29773
0.34399,0.03812,0.08939,13.3399,1.13746,0.20885
0.3919,0.03551,0.08346,14.99125,1.56872,0.18616
0.2945,0.07679,0.04168,13.80959,1.05363,0.23465
0.39607,0.02919,0.04043,15.18195,1.51087,0.11855
0.38056,0.08098,0.08154,13.58064,1.59402,0.24803
0.39051,0.0239,0.05134,15.01922,1.36347,0.26659
0.30759,0.09134,0.02708,14.907,1.57882,0.27918
0.36357,0.03284,0.06414,15.13602,1.34487,0.16719
0.39652,0.02112,0.06806,16.69701,1.25034,0.27267
0.32426,0.08504,0.05832,14.79589,1.18262,0.16149
0.38508,0.02364,0.08303,15.18675,1.22242,0.19231
0.38685,0.06193,0.07202,13.16779,1.33016,0.16052
0.39459,0.08946,0.09476,14.86741,1.31248,0.25126
0.38419,0.03934,0.11983,13.47219,1.05177,0.20591
0.34417,0.02208,0.06111,14.39996,1.21094,0.15907
0.34103,0.08858,0.10393,14.65345,1.03027,0.18067
0.20362,0.02446,0.11529,13.85988,1.44849,0.28299
0.26888,0.07276,0.07752,13.4596,1.26468,0.25405
0.39607,0.024,0.04043,15.18195,1.46286,0.19075
0.30987,0.08038,0.0261,13.10217,1.33406,0.20746
0.35745,0.08148,0.0324,13.63423,1.51686,0.16445
0.38865,0.04016,0.05229,15.73301,1.31289,0.15475
0.3965,0.04161,0.08481,15.41507,1.36131,0.21852
0.3555,0.03984,0.02746,13.60843,1.27909,0.15521
0.38518,0.04024,0.02543,14.1907,1.03855,0.19525
0.20658,0.02683,0.0979,16.25842,1.03617,0.2777
0.35289,0.06293,0.10803,14.79271,1.35894,0.19215
0.35748,0.03744,0.139,13.23285,1.21665,0.25953
0.31622,0.08021,0.04085,14.38062,1.38049,0.21474
0.34971,0.05302,0.11833,14.06843,1.12265,0.12491
0.39756,0.06264,0.05416,14.00887,1.1051,0.12964
0.36465,0.0821,0.0801,13.90259,1.34062,0.29116
0.33557,0.0794,0.08211,14.56257,1.31558,0.27943
0.33864,0.03857,0.09507,13.95991,1.45812,0.16767
0.38479,0.02078,0.04356,14.16498,1.20748,0.26651
0.36656,0.02751,0.06042,13.75463,1.20918,0.10172
0.39007,0.03701,0.08703,14.88365,1.06222,0.23094
0.3706,0.08963,0.06373,14.51749,1.18293,0.27698
0.38975,0.03568,0.06057,14.60316,1.2679,0.1237
0.26885,0.02148,0.06033,13.47993,1.47967,0.20021
0.37648,0.02425,0.08587,13.82371,1.21295,0.17953
0.35338,0.02424,0.05923,13.04949,1.11495,0.26546
0.35113,0.04179,0.08449,14.19491,1.47212,0.28061
0.34539,0.02781,0.08381,15.43913,1.1519,0.16739
0.38794,0.03972,0.07185,15.07947,1.24703,0.2376
0.23103,0.02758,0.10807,13.4941,1.30473,0.29014
0.29826,0.07936,0.07112,13.05677,1.01831,0.22724
0.37971,0.03108,0.07913,15.42112,1.16125,0.24005
0.23529,0.0202,0.13915,13.40839,1.06671,0.27632
0.36214,0.02303,0.08234,16.68494,1.03514,0.28165
0.32897,0.06466,0.06565,14.73661,1.35708,0.28075
0.39698,0.034,0.04708,15.89958,1.37502,0.25659
0.37732,0.02561,0.06558,14.02836,1.12517,0.25926
0.35529,0.02016,0.04735,13.49192,1.14768,0.28434
0.35864,0.05517,0.04184,13.83932,1.04325,0.27362
0.34342,0.02333,0.06317,13.4968,1.3734,0.28935
0.39363,0.0328,0.06304,13.35632,1.18342,0.23395
0.39394,0.04202,0.02394,14.54157,1.09492,0.25778
0.3872,0.0995,0.04565,15.05916,1.03378,0.28784
0.24982,0.07505,0.05492,14.0078,1.24741,0.23499
0.3897,0.08987,0.07028,13.86814,1.17867,0.29822
0.38863,0.02106,0.06929,13.01514,1.54062,0.27892
0.38732,0.04768,0.04687,14.23004,1.3751,0.27071
0.33783,0.02122,0.07495,14.48804,1.10813,0.26457
0.37008,0.0705,0.05936,13.15849,1.08521,0.28168
0.35375,0.08813,0.08076,13.8334,1.51054,0.28193
0.38635,0.03155,0.05952,14.41709,1.25089,0.25476
0.35062,0.02822,0.08517,15.70353,1.05148,0.21039
0.36716,0.05078,0.0392,15.25533,1.21265,0.2705
0.36419,0.08848,0.06788,13.30682,1.04469,0.20543
0.3932,0.05622,0.11383,14.8399,1.02325,0.15108
0.33055,0.04601,0.09757,14.47879,1.13789,0.25899
0.37821,0.02965,0.06709,14.36053,1.24688,0.26364
0.33424,0.02861,0.04333,13.13718,1.55109,0.29567
0.20273,0.03834,0.06853,14.50159,1.59353,0.25859
0.38917,0.05773,0.06887,13.46888,1.1515,0.13728
0.32439,0.02064,0.053,14.64645,1.20688,0.27905
0.39056,0.0309,0.06994,13.73598,1.47418,0.26932
0.28728,0.05091,0.14007,15.22625,1.33311,0.27678
0.30116,0.09535,0.05273,14.91241,1.25597,0.24375
0.39338,0.06201,0.07973,15.40119,1.34752,0.23387
0.37823,0.0823,0.05745,13.99369,1.21582,0.23993
0.34598,0.02323,0.0664,15.40247,1.20991,0.27665
0.35411,0.03313,0.06614,13.7546,1.13097,0.28008
0.28316,0.05644,0.04287,14.78356,1.01354,0.24509
0.37406,0.09351,0.08184,14.98696,1.23448,0.27857
0.33028,0.02659,0.06883,14.14337,1.02901,0.25574
0.35061,0.04711,0.10199,16.38759,1.23024,0.29742
0.32958,0.07902,0.06107,14.3992,1.20959,0.2907
0.38578,0.02172,0.04568,15.48568,1.28376,0.27637
0.39854,0.04407,0.03794,13.3399,1.13746,0.27362
0.26985,0.02463,0.05128,13.97854,1.09671,0.22076
0.31064,0.05576,0.07794,14.30765,1.19284,0.24076
0.33041,0.03826,0.06269,14.38597,1.26796,0.18652
0.38056,0.0226,0.06212,15.85806,1.13804,0.29834
0.37951,0.06828,0.07609,14.33534,1.30004,0.23622
0.39341,0.09454,0.05791,13.92958,1.22743,0.16446
0.36775,0.02699,0.05475,13.68883,1.49827,0.23914
0.35591,0.07805,0.06277,14.71327,1.00714,0.22295
0.39876,0.02683,0.05089,14.29403,1.15456,0.27211
0.38508,0.02929,0.02015,13.26948,1.30702,0.16996
0.39036,0.06193,0.07429,13.83945,1.3074,0.16052
0.38428,0.08946,0.05733,13.26923,1.10725,0.29923
0.20554,0.0877,0.06466,13.65016,1.19473,0.16787
0.39822,0.05549,0.07422,14.39996,1.18338,0.27252
0.34103,0.08858,0.07727,14.18696,1.03027,0.29863
0.38368,0.04468,0.04332,13.76534,1.06428,0.29803
0.39246,0.04885,0.07263,14.94382,1.23223,0.25405
0.20902,0.04805,0.06145,15.25878,1.20252,0.25729
0.37024,0.05043,0.06487,14.69934,1.35559,0.22913
0.34181,0.05576,0.06027,14.86241,1.19541,0.24255
0.36078,0.03228,0.07624,14.46718,1.14435,0.29527
0.34576,0.04262,0.06346,13.64394,1.25151,0.21127
0.32844,0.07249,0.07295,13.60843,1.03308,0.28722
0.39503,0.04919,0.09981,13.11949,1.06111,0.27512
0.27711,0.03847,0.06987,14.10889,1.09837,0.25672
0.36636,0.09301,0.05518,14.34153,1.00992,0.27791
0.35748,0.0361,0.07765,13.23285,1.23931,0.25953
0.27648,0.0598,0.05841,13.93232,1.15113,0.13274
0.3541,0.037,0.03885,14.57279,1.12265,0.23937
0.38437,0.07751,0.09313,15.82361,1.37702,0.12964
0.36465,0.03905,0.05876,16.55842,1.07855,0.29116
0.33975,0.06154,0.07977,13.85582,1.39753,0.27908
0.2334,0.04275,0.07423,13.02331,1.45812,0.25665
0.35912,0.02172,0.05664,14.37656,1.04058,0.27649
0.39661,0.04706,0.06813,13.75463,1.50224,0.2309
0.3955,0.04912,0.08703,13.24732,1.02014,0.27948
0.39931,0.08184,0.04492,14.85428,1.18293,0.21362
0.34229,0.06056,0.10747,14.63192,1.49058,0.27007
0.26885,0.03077,0.07279,13.83674,1.47967,0.27732
0.38319,0.02425,0.09304,13.39794,1.39339,0.25233
0.32139,0.03487,0.06441,14.52585,1.24731,0.25116
0.38351,0.03386,0.05359,13.85051,1.47212,0.28279
0.33074,0.05925,0.11545,13.12512,1.554,0.21591
0.39302,0.0256,0.09605,14.97665,1.24703,0.2467
0.26775,0.04083,0.06875,15.29211,1.08582,0.27296
0.242,0.07936,0.07112,14.46802,1.34776,0.18788
0.37971,0.04339,0.07913,14.08884,1.35912,0.24684
0.3841,0.08976,0.04594,14.7046,1.33139,0.17814
0.2484,0.02123,0.06572,16.68494,1.14601,0.28523
0.23347,0.06091,0.03697,14.42938,1.35708,0.29166
0.3987,0.04085,0.07325,15.89958,1.15247,0.24819
0.37881,0.02561,0.06558,14.0115,1.43494,0.2464
0.34211,0.02284,0.09841,14.78556,1.32148,0.28388
0.37673,0.07805,0.0718,13.68102,1.40604,0.27233
0.24128,0.08123,0.04708,13.44679,1.19114,0.27055
0.28476,0.03215,0.03242,14.97799,1.07714,0.25846
0.37329,0.04202,0.07603,15.55459,1.27212,0.25124
0.25726,0.04651,0.04565,13.73888,1.3597,0.26664
0.36134,0.02246,0.03316,13.01124,1.249,0.27393
0.3897,0.0215,0.08448,14.91335,1.1591,0.14845
0.2721,0.04153,0.05265,14.18197,1.04832,0.2441
0.32118,0.07932,0.0428,14.93155,1.00087,0.17969
0.20983,0.07632,0.0316,14.3052,1.20958,0.29373
0.3604,0.03514,0.08725,14.9219,1.06984,0.28168
0.38862,0.02304,0.08346,15.24787,1.51054,0.29616
0.39094,0.02679,0.06955,14.41709,1.17919,0.27976
0.30599,0.0382,0.04487,14.80649,1.09769,0.26591
0.36159,0.02142,0.07247,15.40538,1.14369,0.29288
0.38289,0.02339,0.04633,13.03036,1.12928,0.26506
0.3771,0.0748,0.11383,13.29022,1.261,0.2052
0.31157,0.03311,0.06243,13.40437,1.3246,0.26701
0.29942,0.03497,0.04759,13.91771,1.0434,0.18981
0.39242,0.02961,0.05217,16.97294,1.20891,0.1996
0.39028,0.03808,0.05567,15.73379,1.16306,0.18383
0.363,0.09481,0.07198,14.88766,1.34794,0.13728
0.37666,0.06855,0.13081,14.43856,1.07084,0.10918
0.22659,0.02009,0.05436,14.64856,1.07351,0.15688
0.37161,0.04406,0.07918,14.52801,1.06629,0.26871
0.30116,0.02267,0.0925,13.78516,1.26999,0.28051
0.39338,0.02174,0.05613,13.97565,1.06557,0.28061
0.32736,0.0823,0.05745,16.41144,1.00919,0.23993
0.36918,0.02522,0.09187,15.40247,1.37757,0.25864
0.35411,0.02366,0.0902,14.63684,1.10771,0.28639
0.36346,0.03693,0.064,16.03669,1.28434,0.28039
0.21179,0.02361,0.04338,13.42973,1.13227,0.19243
0.37873,0.02659,0.06883,13.38983,1.35495,0.29484
0.33983,0.03473,0.02197,13.81269,1.02702,0.29742
0.33976,0.02931,0.0524,15.43788,1.39566,0.25424
0.3471,0.0273,0.10353,14.59207,1.22511,0.25606
0.25776,0.03094,0.08939,14.71967,1.21929,0.22838
0.34893,0.02723,0.03518,13.97854,1.17909,0.15212
0.2945,0.0944,0.07719,13.02592,1.02581,0.23457
0.20212,0.02179,0.04028,13.80916,1.50629,0.2336
0.3672,0.03446,0.05337,16.74635,1.25836,0.27473
0.33818,0.06828,0.07112,15.67574,1.36347,0.23622
0.29187,0.03782,0.04885,13.01288,1.41495,0.11804
0.3954,0.02936,0.06634,14.18094,1.12415,0.25042
0.31349,0.05848,0.11533,13.82694,1.27588,0.22001
0.27103,0.08504,0.05832,15.38639,1.06514,0.29284
0.2477,0.03244,0.05034,13.21778,1.2795,0.29426
0.38685,0.02387,0.08739,13.79502,1.33016,0.16052
0.31284,0.07101,0.07725,13.38817,1.28386,0.29923
0.38236,0.04611,0.05029,13.57084,1.0425,0.16787
0.34417,0.04378,0.07843,13.90571,1.00024,0.16701
0.25988,0.03126,0.07727,14.18696,1.03967,0.29863
0.2933,0.03512,0.11529,13.74608,1.35476,0.2655
0.32384,0.02842,0.03824,16.44126,1.07186,0.25405
0.35952,0.0453,0.071,14.46186,1.40189,0.26633
0.3909,0.08039,0.09385,14.77549,1.53476,0.1158
0.36475,0.02009,0.05692,13.75914,1.20285,0.16445
0.36078,0.02742,0.07624,14.03989,1.26357,0.18963
0.23486,0.04262,0.0625,14.32563,1.07925,0.22835
0.32844,0.03091,0.06712,13.55569,1.0775,0.25438
0.34846,0.0475,0.09981,15.55812,1.21104,0.26061
0.37529,0.02705,0.06899,13.91723,1.22228,0.25245
0.35452,0.04273,0.0245,14.31705,1.05813,0.26139
0.37955,0.0361,0.04982,13.23285,1.18982,0.25953
0.31622,0.0207,0.07649,15.65463,1.39326,0.22231
0.34242,0.02584,0.06339,14.75308,1.15622,0.12491
0.30191,0.02669,0.07998,14.73394,1.00032,0.12964
0.31098,0.05464,0.06321,14.05114,1.09349,0.27931
0.38425,0.02461,0.08211,13.85582,1.18324,0.2877
0.32722,0.05143,0.08855,14.15861,1.30188,0.12965
0.20726,0.0256,0.02927,15.76976,1.03037,0.23894
0.39263,0.04706,0.07401,13.75463,1.02628,0.11268
0.31764,0.05355,0.08703,14.62383,1.34196,0.29205
0.3706,0.08207,0.04019,14.51749,1.35248,0.27698
0.31044,0.06696,0.06713,13.71105,1.49058,0.27007
0.32627,0.06551,0.0949,13.83674,1.56758,0.29563
0.37484,0.02425,0.02901,14.99637,1.10187,0.25233
0.32139,0.03853,0.05039,14.29706,1.07677,0.11627
0.39523,0.03582,0.03535,13.90535,1.43427,0.28061
0.34863,0.05798,0.03443,15.87305,1.26632,0.24548
0.34503,0.05568,0.07185,15.07947,1.48894,0.2376
0.37578,0.02124,0.04545,14.82501,1.23987,0.13484
0.39901,0.07936,0.10415,15.05345,1.08032,0.25749
0.39947,0.03253,0.07414,15.96341,1.16125,0.1423
0.31469,0.0235,0.10881,14.58028,1.34779,0.26637
0.35847,0.08936,0.04656,13.64068,1.3431,0.27474
0.33245,0.02454,0.0736,14.72316,1.09611,0.28831
0.32233,0.03716,0.03007,15.89958,1.29275,0.18304
0.37732,0.02189,0.05986,14.02836,1.20558,0.25926
0.34283,0.04485,0.13645,13.49192,1.34089,0.26043
0.32456,0.0241,0.07465,13.30125,1.5665,0.18483
0.25064,0.05418,0.0411,13.61452,1.3734,0.27964
0.2567,0.05289,0.03814,16.19052,1.3307,0.23395
0.38036,0.02352,0.07877,14.99229,1.08331,0.27179
0.3872,0.09556,0.05482,13.06253,1.33636,0.28324
0.25083,0.03283,0.04966,14.8356,1.507,0.28604
0.37798,0.04235,0.06433,15.36013,1.46354,0.2408
0.35563,0.02106,0.04501,14.56675,1.54062,0.29725
0.38732,0.05128,0.06129,13.77318,1.11281,0.27811
0.32554,0.09897,0.08639,15.32442,1.10813,0.20122
0.39891,0.06473,0.07498,16.97036,1.45883,0.18435
0.39324,0.02969,0.03968,15.24787,1.2545,0.2199
0.38635,0.0566,0.05293,15.66421,1.32719,0.25476
0.37778,0.04589,0.06244,14.95407,1.16882,0.21039
0.33682,0.03562,0.09305,14.78105,1.17058,0.13635
0.24611,0.04834,0.06059,15.12222,1.11657,0.27327
0.23844,0.02509,0.04504,14.80609,1.31239,0.26359
0.37528,0.03274,0.09757,13.79865,1.13745,0.25899
0.25421,0.04338,0.07255,15.50722,1.00458,0.26364
0.33259,0.02961,0.06247,15.1366,1.25012,0.21919
0.31658,0.03436,0.08181,15.26671,1.04815,0.28662
0.349,0.075,0.033,16.07635,1.16537,0.15154
0.36186,0.02064,0.06063,14.64645,1.11221,0.22903
0.36268,0.07372,0.04805,14.64856,1.05767,0.18219
0.37161,0.06635,0.07918,14.52801,1.06629,0.26871
0.39194,0.08646,0.05386,13.58186,1.15966,0.29197
0.39338,0.07828,0.10282,15.40119,1.10837,0.24331
0.33398,0.0823,0.04447,13.05662,1.26884,0.2116
0.32388,0.03049,0.065,15.40247,1.37757,0.18127
0.32833,0.03482,0.02952,14.43225,1.59538,0.19332
0.34357,0.02804,0.11777,13.23576,1.18825,0.25958
0.34194,0.0226,0.0991,15.00527,1.27058,0.24757
0.39903,0.08643,0.06883,13.38983,1.35495,0.29274
0.29286,0.03556,0.03801,16.38759,1.22847,0.29742
0.36783,0.0301,0.05443,14.3992,1.15831,0.28571
0.3533,0.02825,0.08247,14.66607,1.22511,0.18778
0.32237,0.03812,0.08939,13.3399,1.23539,0.11053
0.29293,0.07311,0.06204,13.92305,1.11181,0.10514
0.33021,0.04749,0.0245,15.17881,1.47011,0.19342
0.34156,0.0313,0.05436,14.00844,1.50629,0.13348
0.38056,0.05018,0.0466,15.85806,1.13481,0.27058
0.39022,0.06828,0.06801,14.86486,1.15592,0.23722
0.2326,0.05365,0.12569,15.37552,1.05673,0.27063
0.3954,0.07303,0.06184,14.18094,1.11851,0.25042
0.32652,0.02531,0.11533,13.46907,1.32331,0.26039
0.22376,0.08504,0.05832,14.16246,1.41662,0.25578
0.3215,0.03194,0.04529,13.24139,1.23101,0.26836
0.26184,0.02513,0.07651,15.49626,1.33016,0.16052
0.38428,0.04084,0.04805,13.74452,1.10725,0.21826
0.36823,0.04042,0.06262,13.05354,1.42364,0.16787
0.39166,0.03603,0.07843,13.06838,1.18338,0.13661
0.33616,0.0605,0.07727,16.97509,1.31597,0.20863
0.3799,0.05274,0.04259,15.23,1.10983,0.20022
0.33789,0.02396,0.03946,15.12165,1.20364,0.22503
0.36558,0.03452,0.03038,14.11885,1.00116,0.26633
0.30987,0.05122,0.11488,16.6493,1.33406,0.28819
0.35656,0.05597,0.09252,13.39814,1.01603,0.2456
0.36078,0.08134,0.07577,14.53326,1.29368,0.23785
0.38697,0.04262,0.08481,13.69247,1.40063,0.21127
0.38128,0.07897,0.08066,16.18529,1.34625,0.28684
0.3109,0.06719,0.06648,14.57924,1.32268,0.26039
0.37529,0.02705,0.06866,16.17977,1.42519,0.16516
0.34511,0.03213,0.10803,15.33924,1.27153,0.25216
0.38242,0.0361,0.05046,15.2935,1.47102,0.25953
0.31622,0.02661,0.06873,14.40094,1.15113,0.13274
0.34612,0.06192,0.02345,15.26525,1.42832,0.28829
0.34733,0.04329,0.04914,13.85249,1.08484,0.20553
0.36371,0.0821,0.05339,13.90259,1.52407,0.297
0.35601,0.03783,0.04602,13.85582,1.05222,0.2877
0.35575,0.09402,0.09407,13.98949,1.40218,0.27393
0.39705,0.07091,0.07667,14.11919,1.17395,0.29607
0.32821,0.04706,0.08843,13.48367,1.20243,0.2309
0.38438,0.05677,0.07732,14.47774,1.24863,0.12934
0.21371,0.07231,0.06373,16.13295,1.18293,0.18715
0.35042,0.0208,0.11554,14.98254,1.49058,0.27007
0.39485,0.09492,0.0792,13.83674,1.32391,0.20627
0.37667,0.0537,0.08877,14.99637,1.53552,0.21666
0.30529,0.02084,0.02095,13.2383,1.00681,0.26546
0.22519,0.09026,0.0338,14.19491,1.47212,0.20795
0.33842,0.02781,0.11068,15.12265,1.24772,0.14179
0.37331,0.05485,0.07185,15.06463,1.58941,0.2376
0.35897,0.02231,0.04623,14.58491,1.50386,0.14048
0.2307,0.05235,0.07112,14.54403,1.16798,0.19209
0.37971,0.04934,0.08558,15.70762,1.2226,0.2804
0.31465,0.08847,0.10881,16.36935,1.34779,0.28175
0.33485,0.0486,0.06993,16.25931,1.3346,0.27474
0.38355,0.02454,0.02929,14.18413,1.35708,0.12401
0.36857,0.07798,0.05047,14.33085,1.04362,0.25142
0.27213,0.02561,0.02785,16.3885,1.12517,0.27134
0.35529,0.05064,0.08946,13.49192,1.03939,0.18738
0.24346,0.05656,0.11957,13.30125,1.07868,0.27233
0.21332,0.06201,0.07842,16.67787,1.3734,0.23043
0.39363,0.05289,0.09183,13.08302,1.15974,0.16683
0.38711,0.04202,0.05663,14.73345,1.26188,0.27179
0.39056,0.08233,0.07096,13.53662,1.39685,0.29773
0.3533,0.07505,0.04966,14.0078,1.37545,0.17893
0.37804,0.04086,0.1346,14.92178,1.59939,0.15136
0.38954,0.07732,0.09299,13.01514,1.1059,0.29725
0.20125,0.04092,0.06888,16.02898,1.09448,0.27407
0.39683,0.05003,0.05498,14.3052,1.36702,0.21716
0.39125,0.09063,0.06681,13.54065,1.56101,0.16512
0.38253,0.08239,0.06503,15.24787,1.30615,0.29753
0.34462,0.02454,0.03753,13.15303,1.42929,0.25476
0.28822,0.02833,0.0818,13.01072,1.09913,0.16087
0.24643,0.05078,0.07247,15.62926,1.50963,0.12
0.38618,0.04558,0.08667,15.89311,1.47378,0.20543
0.34248,0.02341,0.08965,14.8399,1.04584,0.15108
0.23548,0.03679,0.03863,13.83846,1.41431,0.24275
0.37301,0.0219,0.13257,15.09473,1.21407,0.26364
0.36944,0.04327,0.03483,15.15382,1.15189,0.1996
0.37848,0.09676,0.03935,14.44089,1.24053,0.17654
0.34216,0.03214,0.03577,16.80373,1.26589,0.12772
0.29101,0.02479,0.07445,15.96636,1.20688,0.26365
0.3646,0.03346,0.0797,13.96644,1.39972,0.29185
0.3633,0.03976,0.06137,14.52801,1.06629,0.19025
0.36961,0.02267,0.0801,13.73316,1.52011,0.24375
0.31038,0.05231,0.10214,15.40119,1.34752,0.11674
0.38242,0.0823,0.03558,14.13855,1.06586,0.23993
0.37296,0.02522,0.09187,16.83887,1.41373,0.25864
0.3279,0.03313,0.08645,14.83941,1.3019,0.25529
0.2746,0.0377,0.11191,14.66317,1.38789,0.24058
0.35785,0.06151,0.08507,15.00527,1.27058,0.22313
0.34742,0.02659,0.06771,13.38983,1.35495,0.20185
0.3494,0.02497,0.1008,14.82062,1.13515,0.16418
0.32958,0.05578,0.07896,13.80186,1.11328,0.2501
0.34712,0.0283,0.12148,14.92043,1.51698,0.29773
0.32072,0.03176,0.04619,15.71193,1.09924,0.15085
0.34893,0.02452,0.10358,13.05686,1.56872,0.23377
0.33635,0.03627,0.12835,15.92994,1.34012,0.14671
0.37775,0.02448,0.0251,13.80916,1.5582,0.26619
0.33463,0.022,0.04368,13.5433,1.13522,0.20607
0.37075,0.06828,0.03205,16.24853,1.36347,0.15544
0.3729,0.02707,0.03462,15.3928,1.20329,0.26396
0.36132,0.0273,0.04271,16.00622,1.04838,0.25042
0.33904,0.06297,0.11364,14.27714,1.49243,0.29359
0.39004,0.05647,0.07059,15.59447,1.18262,0.25802
0.29096,0.08808,0.0477,16.25114,1.22242,0.25196
0.39395,0.09539,0.08739,14.58679,1.23518,0.16502
0.39433,0.03985,0.05733,14.4452,1.20142,0.26553
0.36463,0.03934,0.08068,14.4661,1.55459,0.26459
0.20107,0.02408,0.0616,13.93562,1.18338,0.19358
0.33553,0.08858,0.05176,14.23586,1.28904,0.28177
0.32191,0.06808,0.08604,15.55792,1.35476,0.18761
0.39282,0.03449,0.0921,14.44299,1.01523,0.12232
0.35701,0.0453,0.06714,14.46186,1.50486,0.18167
0.38272,0.0752,0.10239,14.99144,1.00871,0.1158
0.34181,0.03119,0.14457,14.97385,1.31767,0.2226
0.31853,0.03228,0.07624,13.65791,1.5057,0.25649
0.33092,0.04146,0.02331,15.0775,1.05225,0.21749
0.34968,0.02765,0.10056,13.60843,1.13517,0.28684
0.33769,0.02594,0.04067,13.40851,1.14034,0.22314
0.23603,0.02705,0.02285,13.91723,1.22228,0.261
0.28939,0.03213,0.0601,13.8533,1.27153,0.18955
0.35748,0.0981,0.08412,13.3796,1.30824,0.25953
0.37088,0.02341,0.10545,16.70091,1.1737,0.13274
0.23934,0.08018,0.06063,14.94568,1.23821,0.12491
0.34191,0.04329,0.06944,14.73394,1.15666,0.21245
0.30378,0.02791,0.05339,13.90259,1.02653,0.14044
0.39693,0.09651,0.08211,13.1736,1.18324,0.17887
0.21036,0.04764,0.06225,15.44146,1.45812,0.21421
0.3977,0.02137,0.05991,13.97558,1.13831,0.27882
0.39881,0.02058,0.05804,14.03634,1.08522,0.28254
0.37431,0.05818,0.07694,14.71224,1.19762,0.28256
0.35943,0.07232,0.07303,14.05603,1.05748,0.2267
0.38132,0.05207,0.11554,14.98254,1.12812,0.27007
0.37792,0.05947,0.12618,13.36464,1.5113,0.28259
0.26773,0.02425,0.08587,15.08396,1.50191,0.21468
0.38056,0.04815,0.10101,13.41408,1.07677,0.26558
0.35113,0.04545,0.06443,14.66015,1.19816,0.27001
0.39272,0.0748,0.08426,15.12265,1.18679,0.14179
0.24781,0.02143,0.07185,15.07947,1.20613,0.28472
0.32076,0.0473,0.10807,13.822,1.33762,0.29014
0.28638,0.04126,0.07928,14.45981,1.54252,0.29319
0.26462,0.02111,0.03206,13.44888,1.12295,0.23373
0.37159,0.0235,0.08069,14.30856,1.34779,0.24403
0.38908,0.02153,0.06101,16.68494,1.35353,0.28641
0.25738,0.02591,0.12292,16.08884,1.35708,0.28726
0.26319,0.04085,0.07118,14.83487,1.2496,0.26008
0.39215,0.02561,0.07895,13.64347,1.12695,0.10339
0.35529,0.02828,0.08454,13.24133,1.21082,0.19696
0.39603,0.0522,0.0636,13.30125,1.18901,0.27233
0.36451,0.04889,0.05432,14.30951,1.3734,0.1615
0.39363,0.0887,0.07953,15.24473,1.18342,0.23663
0.37578,0.05616,0.07161,16.03232,1.2078,0.27179
0.39381,0.03092,0.06557,13.53662,1.51065,0.26453
0.32584,0.07658,0.04966,13.86144,1.22935,0.27569
0.39929,0.02788,0.04991,16.01891,1.31418,0.29093
0.35878,0.02266,0.0682,13.72648,1.54062,0.29725
0.28765,0.09379,0.02797,15.92996,1.14687,0.22603
0.39905,0.03137,0.07226,14.3052,1.05992,0.27755
0.28171,0.03468,0.04011,13.97227,1.17143,0.11435
0.38529,0.05297,0.06998,15.24787,1.56004,0.26951
0.3813,0.02461,0.08134,13.12314,1.1172,0.25476
0.25998,0.02822,0.08231,13.97699,1.13289,0.21039
0.3938,0.06097,0.06622,13.93378,1.25481,0.28566
0.38618,0.09284,0.07783,13.71959,1.43356,0.19866
0.36106,0.07148,0.05402,13.7542,1.01796,0.15108
0.2269,0.04571,0.07494,14.0514,1.09606,0.25899
0.35156,0.05902,0.08594,14.36053,1.16122,0.26364
0.39101,0.03482,0.0525,13.33484,1.02656,0.18056
0.38958,0.09676,0.04054,13.46274,1.0902,0.27341
0.39524,0.02838,0.04119,14.07027,1.01521,0.26794
0.35084,0.03633,0.08145,14.99061,1.20688,0.29711
0.34756,0.02511,0.07187,13.57876,1.16117,0.2414
0.38182,0.08744,0.0627,13.82686,1.42641,0.24226
0.37248,0.02267,0.0774,13.05843,1.0224,0.24375
0.39338,0.04955,0.03828,14.59219,1.08299,0.23387
0.38242,0.02237,0.0474,13.16359,1.05341,0.27543
0.36918,0.02522,0.10602,14.26834,1.37757,0.27304
0.39808,0.0244,0.05859,13.0214,1.14815,0.28008
0.22965,0.03599,0.07973,13.23576,1.14221,0.19244
0.28215,0.0226,0.0486,13.87164,1.11109,0.26553
0.39331,0.02659,0.02337,13.51585,1.2903,0.12937
0.39956,0.02497,0.08137,13.29084,1.26497,0.26031
0.39312,0.05994,0.07477,13.80186,1.11328,0.20329
0.38578,0.02134,0.10353,13.37688,1.32044,0.27767
0.37422,0.03812,0.08939,13.42895,1.19075,0.25318
0.39718,0.03583,0.10358,13.97854,1.33136,0.23611
0.2945,0.04421,0.04704,13.28001,1.20693,0.23465
0.38466,0.03285,0.0321,13.80916,1.50629,0.2635
0.39355,0.0226,0.07578,14.19796,1.01003,0.24591
0.34173,0.02394,0.06452,15.31029,1.50483,0.27197
0.39048,0.04585,0.06726,15.03618,1.14688,0.16446
0.3954,0.02742,0.09019,15.24619,1.19841,0.25417
0.31349,0.07805,0.03734,15.01075,1.19661,0.26159
0.38649,0.08504,0.05046,15.05113,1.39211,0.29284
0.28707,0.03535,0.07784,14.75617,1.08701,0.2681
0.38077,0.0283,0.06148,14.61099,1.15184,0.2707
0.39433,0.03985,0.05733,13.94387,1.12428,0.26553
0.23182,0.05359,0.03494,14.33188,1.55459,0.19293
0.39548,0.03603,0.03813,13.06838,1.0822,0.13661
0.3843,0.05104,0.06318,14.05092,1.03027,0.25713
0.38305,0.02893,0.03763,14.91509,1.22611,0.13091
0.31212,0.02085,0.07752,14.787,1.08622,0.23467
0.32519,0.0328,0.07254,14.46186,1.40189,0.23969
0.39663,0.05358,0.06392,13.10217,1.25688,0.28172
0.39803,0.03119,0.03588,15.74111,1.00502,0.26206
0.36078,0.09181,0.0438,13.51597,1.33369,0.29527
0.39287,0.03884,0.0743,14.67526,1.14512,0.22015
0.32844,0.02306,0.045,13.06087,1.04521,0.28684
0.35125,0.03373,0.09981,15.42842,1.21104,0.26437
0.39488,0.02125,0.05603,15.00717,1.17082,0.21442
0.39036,0.06012,0.10803,15.33924,1.12989,0.26602
0.20305,0.09212,0.05098,13.23285,1.135,0.26982
0.39458,0.03469,0.03558,13.56009,1.14723,0.13274
0.3929,0.0988,0.07214,14.08676,1.12265,0.21942
0.39239,0.03156,0.08467,13.86944,1.17394,0.12964
0.31076,0.02009,0.04445,13.26155,1.08205,0.29487
0.38425,0.02461,0.08211,13.34324,1.05483,0.28747
0.24105,0.03012,0.05837,14.62252,1.45812,0.16767
0.39053,0.04263,0.0912,15.42012,1.13831,0.27882
0.28479,0.03205,0.08453,13.75463,1.34047,0.2198
0.23466,0.04207,0.08703,14.14808,1.09179,0.24474
0.20594,0.07232,0.07303,14.05603,1.4228,0.21167
0.35042,0.08971,0.14045,14.98254,1.10522,0.27007
0.26885,0.08903,0.03162,16.0761,1.17557,0.26984
0.37341,0.04753,0.04194,14.58028,1.33183,0.2931
0.3973,0.04119,0.06739,13.20027,1.15206,0.25656
0.3762,0.09025,0.08514,14.66015,1.01351,0.29986
0.36865,0.02781,0.04017,15.12265,1.23401,0.26992
0.38794,0.0254,0.07997,16.07206,1.08096,0.27707
0.2019,0.07436,0.05404,16.95952,1.25436,0.29014
0.38014,0.03706,0.04316,16.7404,1.14654,0.25491
0.37971,0.07505,0.06785,15.16061,1.16125,0.19651
0.3664,0.02524,0.08069,14.96331,1.22748,0.19656
0.39198,0.03511,0.10938,16.91678,1.23795,0.23628
0.26816,0.02454,0.12292,13.53787,1.34203,0.14175
0.38899,0.04085,0.08616,15.89958,1.25003,0.18014
0.37732,0.04568,0.07508,16.70034,1.12517,0.16893
0.31995,0.03786,0.09464,14.01673,1.20733,0.27027
0.37534,0.02072,0.08541,15.16237,1.03216,0.23335
0.34282,0.06975,0.08797,15.63785,1.04498,0.24635
0.39363,0.09334,0.06546,16.19052,1.08814,0.23395
0.37329,0.05018,0.09328,14.86346,1.24312,0.19507
0.36536,0.02236,0.08693,13.89904,1.2414,0.28324
0.36886,0.03195,0.04272,14.65738,1.45848,0.28791
0.38447,0.06823,0.06289,13.04586,1.37973,0.17963
0.27456,0.03945,0.11515,14.7328,1.00134,0.29326
0.3816,0.04706,0.05208,16.32136,1.12518,0.29558
0.27481,0.02734,0.03051,14.3052,1.27182,0.26204
0.3604,0.04801,0.06861,16.97036,1.12169,0.28168
0.22131,0.02866,0.08346,14.94989,1.11816,0.19086
0.39563,0.0517,0.04992,13.04017,1.27579,0.25476
0.39036,0.04972,0.10085,13.35678,1.18012,0.14146
0.27498,0.02429,0.07247,14.99804,1.13829,0.23706
0.38618,0.02339,0.0592,13.88565,1.43356,0.20543
0.38565,0.0748,0.06013,15.39527,1.17518,0.15108
0.35733,0.03274,0.08288,14.06099,1.33139,0.25899
0.3146,0.02769,0.02929,13.205,1.00142,0.28148
0.24461,0.09836,0.02003,13.79334,1.55109,0.1964
0.33575,0.05251,0.08918,13.98726,1.59353,0.29261
0.28678,0.03386,0.02956,16.07635,1.1515,0.13728
0.35536,0.03128,0.13081,16.61502,1.06166,0.25771
0.39809,0.03346,0.03339,14.07294,1.09083,0.15688
0.37161,0.04568,0.06717,14.66685,1.28357,0.2168
0.24579,0.05274,0.02434,13.37551,1.35745,0.2314
0.2409,0.02243,0.02635,15.2936,1.21047,0.14114
0.38242,0.0823,0.05745,13.28123,1.40131,0.2872
0.34633,0.02777,0.04615,13.33186,1.13899,0.29881
0.39808,0.0244,0.06372,13.0214,1.20737,0.18229
0.38094,0.02244,0.11777,16.28909,1.26089,0.24985
0.33297,0.049,0.08673,13.378,1.1986,0.24757
0.37376,0.024,0.08411,13.38983,1.08322,0.2797
0.39956,0.06036,0.08137,13.10474,1.02076,0.25404
0.32958,0.05578,0.07896,13.58035,1.12886,0.21589
0.20057,0.05126,0.10353,15.99392,1.07214,0.27767
0.39274,0.03653,0.05161,15.23635,1.13746,0.12281
0.35616,0.02154,0.05445,15.99675,1.19275,0.25516
0.28289,0.07885,0.02682,16.26355,1.25098,0.23465
0.37888,0.07466,0.02311,13.7124,1.14412,0.29569
0.29877,0.02975,0.07578,14.19796,1.01003,0.16858
0.26388,0.06828,0.09414,15.1984,1.36347,0.23622
0.25823,0.05166,0.08589,16.40567,1.41495,0.16029
0.26573,0.02936,0.06634,13.60683,1.55644,0.16907
0.31349,0.02197,0.10528,13.82362,1.10285,0.26225
0.36178,0.04175,0.08977,13.36442,1.25822,0.24977
0.35141,0.06787,0.08303,14.01595,1.22242,0.18926
0.27474,0.07952,0.08739,13.79502,1.0085,0.28676
0.39433,0.04078,0.09737,13.43408,1.16413,0.26553
0.38858,0.05414,0.08512,14.01334,1.55459,0.21302
0.22248,0.07563,0.03334,13.03828,1.18338,0.26722
0.3843,0.05104,0.04522,14.60831,1.0952,0.22616
0.2933,0.05377,0.0706,15.7856,1.35476,0.29803
0.27503,0.02085,0.07602,13.75913,1.3654,0.27024
0.38673,0.0453,0.07015,15.28027,1.40189,0.25515
0.37576,0.02855,0.05442,15.02623,1.222,0.28611
0.38774,0.03286,0.07084,14.97385,1.44895,0.16445
0.36078,0.04258,0.07793,14.46718,1.07099,0.26937
0.39287,0.03884,0.0409,14.67526,1.09632,0.15231
0.32844,0.08003,0.0578,15.02159,1.2063,0.26882
0.37116,0.09574,0.09544,13.92901,1.21104,0.27074
0.26622,0.04045,0.08799,14.57456,1.38723,0.21203
0.20785,0.03213,0.08489,15.33924,1.31362,0.27447
0.36571,0.02045,0.05781,13.16345,1.23931,0.25953
0.37088,0.06372,0.10545,13.62804,1.1737,0.10442
0.20122,0.06836,0.05141,13.86189,1.04849,0.12491
0.37578,0.0359,0.08633,14.84876,1.17394,0.28441
0.27312,0.02322,0.05532,13.90259,1.52407,0.26136
