1, -38.747, 38.747, 43.0, 0.108, 0.091
2, 1.349, 38.747, 73.6, 0.926, 1.113
1, -48.423, 48.423, 52.3, 0.123, 0.128
2, 1.138, 48.423, 62.1, 0.758, 1.006
1, -27.245, 27.245, 34.0, 0.060, 0.054
2, 1.031, 27.245, 56.2, 0.572, 0.605
1, 1.089, 37.185, 59.4, 0.118, 0.101
2, 3.636, 37.185, 138.9, 1.543, 1.635
1, -20.715, 20.715, 26.2, 0.054, 0.066
2, -20.715, 20.715, 34.5, 0.422, 0.439
1, -40.900, 40.900, 48.2, 0.085, 0.081
2, 1.241, 40.900, 67.7, 0.602, 0.887
1, 1.260, 38.300, 68.7, 0.133, 0.148
2, 2.847, 38.300, 86.6, 0.962, 1.060
1, 1.722, 29.183, 93.9, 0.202, 0.179
2, 5.289, 29.183, 194.6, 2.500, 2.528
1, -20.710, 20.710, 24.5, 0.045, 0.058
2, -20.710, 20.710, 30.0, 0.321, 0.340
1, -21.449, 21.449, 24.3, 0.052, 0.056
2, -21.449, 21.449, 32.2, 0.388, 0.405
1, 1.400, 38.487, 76.3, 0.146, 0.168
2, 3.193, 38.487, 97.8, 1.089, 1.194
1, 1.506, 28.999, 82.1, 0.238, 0.232
2, 4.034, 28.999, 137.9, 2.406, 2.447
1, 2.420, 52.684, 132.0, 0.388, 0.477
2, 5.022, 52.684, 141.9, 2.381, 2.617
1, 2.800, 40.794, 152.7, 0.503, 0.450
2, 8.467, 40.794, 309.1, 5.991, 6.095
1, -36.165, 36.165, 50.7, 0.159, 0.139
2, 1.409, 36.165, 76.8, 1.307, 1.400
1, -24.893, 24.893, 28.3, 0.078, 0.084
2, -24.893, 24.893, 38.3, 0.573, 0.606
1, 1.846, 51.848, 100.7, 0.141, 0.167
2, 3.640, 51.848, 97.9, 0.850, 1.083
1, -35.137, 35.137, 27.0, 0.061, 0.052
2, -35.137, 35.137, 38.5, 0.433, 0.577
1, -25.998, 25.998, 28.0, 0.055, 0.053
2, -25.998, 25.998, 52.1, 0.573, 0.607
1, 1.113, 32.978, 60.7, 0.149, 0.123
2, 3.644, 32.978, 138.0, 2.003, 2.074
1, 2.240, 50.720, 122.2, 0.465, 0.505
2, 5.298, 50.720, 166.8, 3.567, 3.809
1, -36.606, 36.606, 45.5, 0.126, 0.123
2, 1.016, 36.606, 55.4, 0.764, 0.888
1, 1.136, 47.681, 62.0, 0.120, 0.108
2, 2.877, 47.681, 95.0, 1.000, 1.199
1, 1.280, 49.669, 69.8, 0.153, 0.156
2, 3.385, 49.669, 114.8, 1.350, 1.609
1, -29.051, 29.051, 32.7, 0.074, 0.074
2, -29.051, 29.051, 43.6, 0.487, 0.603
1, 2.478, 33.893, 135.1, 0.225, 0.241
2, 6.998, 33.893, 246.5, 2.593, 2.641
1, -31.777, 31.777, 52.0, 0.101, 0.131
2, -31.777, 31.777, 52.3, 0.583, 0.640
1, 1.531, 40.835, 83.5, 0.231, 0.240
2, 3.381, 40.835, 100.9, 1.597, 1.713
1, -27.218, 27.218, 39.4, 0.060, 0.055
2, 1.259, 27.218, 68.7, 0.612, 0.645
1, -22.865, 22.865, 39.3, 0.118, 0.113
2, 1.296, 22.865, 70.7, 1.245, 1.269
1, -22.908, 22.908, 25.9, 0.055, 0.066
2, -22.908, 22.908, 31.0, 0.368, 0.392
1, 1.020, 51.295, 55.7, 0.170, 0.149
2, 2.502, 51.295, 80.8, 1.260, 1.621
1, -24.180, 24.180, 26.7, 0.045, 0.052
2, -24.180, 24.180, 31.3, 0.296, 0.323
1, -33.499, 33.499, 40.5, 0.067, 0.083
2, -33.499, 33.499, 42.9, 0.395, 0.472
1, 1.541, 37.758, 84.1, 0.170, 0.170
2, 3.868, 37.758, 126.9, 1.491, 1.583
1, -28.454, 28.454, 38.5, 0.090, 0.109
2, -28.454, 28.454, 46.3, 0.599, 0.651
1, 1.386, 48.927, 75.6, 0.172, 0.141
2, 3.606, 48.927, 121.1, 1.546, 1.732
1, 1.092, 39.827, 59.6, 0.159, 0.165
2, 2.380, 39.827, 70.2, 0.993, 1.135
1, -36.550, 36.550, 39.3, 0.088, 0.093
2, -36.550, 36.550, 44.0, 0.513, 0.630
1, -32.995, 32.995, 23.3, 0.048, 0.039
2, -32.995, 32.995, 39.4, 0.425, 0.507
1, -23.731, 23.731, 35.0, 0.092, 0.091
2, -23.731, 23.731, 53.4, 0.806, 0.831
1, 1.253, 28.345, 68.4, 0.181, 0.158
2, 4.100, 28.345, 155.3, 2.501, 2.536
1, -27.828, 27.828, 41.7, 0.135, 0.114
2, 1.368, 27.828, 74.6, 1.368, 1.416
1, -27.226, 27.226, 39.9, 0.095, 0.099
2, 1.122, 27.226, 61.2, 0.835, 0.874
1, 1.884, 34.397, 102.8, 0.122, 0.147
2, 4.207, 34.397, 126.7, 0.906, 0.969
1, -29.333, 29.333, 35.2, 0.069, 0.080
2, -29.333, 29.333, 45.3, 0.493, 0.546
1, -27.873, 27.873, 24.8, 0.067, 0.054
2, -27.873, 27.873, 47.7, 0.644, 0.717
1, -29.582, 29.582, 34.7, 0.104, 0.084
2, 1.235, 29.582, 67.4, 1.105, 1.160
1, -30.457, 30.457, 31.7, 0.082, 0.072
2, -30.457, 30.457, 49.0, 0.683, 0.741
1, -24.323, 24.323, 32.6, 0.076, 0.070
2, 1.044, 24.323, 56.9, 0.763, 0.789
1, 1.663, 65.796, 90.7, 0.174, 0.186
2, 4.093, 65.796, 132.5, 1.247, 1.736
1, -19.447, 19.447, 13.7, 0.025, 0.022
2, -19.447, 19.447, 30.6, 0.298, 0.315
1, -26.482, 26.482, 30.4, 0.084, 0.095
2, -26.482, 26.482, 35.8, 0.513, 0.574
1, -27.073, 27.073, 23.1, 0.057, 0.053
2, -27.073, 27.073, 35.8, 0.465, 0.509
1, 1.902, 45.217, 103.8, 0.259, 0.290
2, 4.284, 45.217, 129.9, 1.839, 1.994
1, -23.156, 23.156, 30.0, 0.062, 0.081
2, -23.156, 23.156, 36.7, 0.427, 0.460
1, -25.358, 25.358, 34.8, 0.084, 0.096
2, -25.358, 25.358, 45.0, 0.614, 0.646
1, 1.261, 38.435, 68.8, 0.148, 0.184
2, 2.499, 38.435, 67.5, 0.820, 0.914
1, -45.549, 45.549, 42.8, 0.111, 0.094
1, 1.156, 30.014, 63.0, 0.182, 0.145
2, 3.619, 30.014, 134.3, 2.244, 2.293
1, 1.049, 45.410, 57.2, 0.115, 0.133
2, 2.166, 45.410, 61.0, 0.653, 0.885
1, -20.588, 20.588, 17.9, 0.033, 0.034
2, -20.588, 20.588, 24.8, 0.250, 0.265
1, 1.341, 28.764, 73.2, 0.180, 0.189
2, 3.688, 28.764, 128.0, 1.929, 1.967
1, 1.425, 59.588, 77.7, 0.203, 0.179
2, 3.434, 59.588, 109.6, 1.533, 1.909
1, 1.255, 44.821, 68.5, 0.102, 0.091
2, 3.100, 44.821, 100.6, 0.847, 1.008
1, -30.680, 30.680, 40.4, 0.095, 0.089
2, 1.198, 30.680, 65.3, 0.875, 0.942
1, 1.335, 32.257, 72.8, 0.182, 0.175
2, 3.812, 32.257, 135.1, 1.986, 2.043
1, -26.919, 26.919, 31.0, 0.050, 0.053
2, -26.919, 26.919, 52.8, 0.486, 0.524
1, -25.984, 25.984, 48.1, 0.101, 0.105
2, 1.186, 25.984, 64.7, 0.820, 0.848
1, -30.853, 30.853, 39.5, 0.080, 0.094
2, -30.853, 30.853, 53.2, 0.581, 0.657
1, 2.207, 40.787, 120.4, 0.264, 0.290
2, 5.756, 40.787, 193.6, 2.542, 2.661
1, 2.775, 55.467, 151.4, 0.227, 0.188
2, 6.959, 55.467, 228.2, 2.092, 2.370
1, 2.127, 39.283, 116.0, 0.327, 0.351
2, 5.433, 39.283, 180.4, 2.982, 3.085
1, 1.840, 34.558, 100.4, 0.239, 0.247
2, 4.955, 34.558, 169.9, 2.431, 2.496
1, -39.373, 39.373, 44.6, 0.113, 0.112
2, 1.059, 39.373, 57.8, 0.731, 1.052
1, 1.914, 33.426, 104.4, 0.233, 0.274
2, 4.704, 33.426, 152.2, 2.088, 2.146
1, -25.461, 25.461, 19.8, 0.039, 0.035
2, -25.461, 25.461, 39.4, 0.397, 0.434
1, 1.471, 30.176, 80.2, 0.136, 0.141
2, 4.294, 30.176, 154.0, 1.643, 1.681
1, -32.899, 32.899, 38.2, 0.102, 0.080
2, 1.524, 32.899, 83.1, 1.212, 1.288
1, -25.460, 25.460, 28.0, 0.050, 0.047
2, -25.460, 25.460, 44.7, 0.456, 0.485
1, -34.755, 34.755, 31.9, 0.069, 0.063
2, -34.755, 34.755, 53.2, 0.605, 0.716
1, -22.228, 22.228, 50.3, 0.193, 0.204
2, 1.715, 22.228, 93.5, 2.198, 2.221
1, 2.014, 28.243, 109.8, 0.281, 0.261
2, 6.973, 28.243, 270.5, 4.397, 4.417
1, 1.201, 31.532, 65.5, 0.202, 0.241
2, 2.663, 31.532, 79.8, 1.409, 1.473
1, -26.280, 26.280, 30.3, 0.068, 0.067
2, -26.280, 26.280, 42.3, 0.532, 0.563
1, -32.913, 32.913, 34.3, 0.063, 0.070
2, -32.913, 32.913, 37.9, 0.377, 0.446
1, -26.094, 26.094, 35.2, 0.085, 0.072
2, 1.240, 26.094, 67.7, 0.932, 0.965
1, 2.307, 54.831, 125.9, 0.283, 0.265
2, 5.584, 54.831, 178.7, 2.259, 2.527
1, 1.368, 37.618, 74.6, 0.177, 0.187
2, 3.098, 37.618, 94.4, 1.289, 1.375
1, -30.219, 30.219, 35.9, 0.075, 0.092
2, -30.219, 30.219, 36.3, 0.384, 0.493
1, -39.389, 39.389, 54.2, 0.122, 0.122
2, 1.472, 39.389, 80.3, 1.017, 1.175
1, 1.081, 37.966, 58.9, 0.125, 0.144
2, 2.536, 37.966, 79.4, 0.953, 1.063
1, 1.130, 26.299, 61.6, 0.141, 0.145
2, 3.027, 26.299, 103.5, 1.425, 1.452
1, -31.324, 31.324, 38.8, 0.075, 0.072
2, 1.251, 31.324, 68.2, 0.745, 0.807
1, -26.813, 26.813, 24.7, 0.057, 0.059
2, -26.813, 26.813, 33.6, 0.384, 0.428
1, -33.106, 33.106, 32.4, 0.080, 0.075
2, -33.106, 33.106, 47.1, 0.607, 0.711
1, -28.583, 28.583, 29.0, 0.049, 0.042
2, -28.583, 28.583, 48.2, 0.463, 0.502
1, -37.846, 37.846, 41.6, 0.097, 0.104
2, -37.846, 37.846, 47.6, 0.583, 0.705
1, -21.156, 21.156, 28.3, 0.070, 0.073
2, -21.156, 21.156, 48.1, 0.694, 0.713
1, -35.202, 35.202, 32.5, 0.084, 0.082
2, -35.202, 35.202, 36.5, 0.460, 0.611
1, -30.602, 30.602, 33.9, 0.097, 0.103
2, -30.602, 30.602, 38.1, 0.510, 0.625
1, -31.787, 31.787, 38.4, 0.090, 0.097
2, -31.787, 31.787, 52.4, 0.673, 0.742
1, -28.741, 28.741, 38.5, 0.105, 0.119
2, -28.741, 28.741, 44.9, 0.600, 0.705
1, -31.695, 31.695, 49.3, 0.176, 0.187
2, 1.317, 31.695, 71.8, 1.324, 1.414
1, -23.284, 23.284, 27.6, 0.064, 0.071
2, -23.284, 23.284, 44.5, 0.498, 0.529
1, -23.938, 23.938, 29.6, 0.084, 0.084
2, -23.938, 23.938, 46.6, 0.734, 0.763
1, -36.932, 36.932, 34.0, 0.066, 0.070
2, -36.932, 36.932, 37.4, 0.355, 0.551
1, -38.447, 38.447, 49.3, 0.110, 0.138
2, -38.447, 38.447, 42.3, 0.468, 0.650
1, 1.070, 30.539, 58.4, 0.085, 0.089
2, 2.817, 30.539, 95.3, 0.808, 0.853
1, -30.713, 30.713, 37.9, 0.090, 0.097
2, -30.713, 30.713, 49.1, 0.580, 0.677
1, 1.981, 60.211, 108.1, 0.244, 0.209
2, 5.908, 60.211, 214.2, 2.180, 2.570
1, -28.596, 28.596, 50.5, 0.096, 0.118
2, 1.091, 28.596, 59.5, 0.675, 0.715
1, 1.035, 35.429, 56.5, 0.160, 0.164
2, 2.328, 35.429, 70.5, 1.116, 1.200
1, 1.050, 36.334, 57.3, 0.084, 0.106
2, 2.156, 36.334, 60.3, 0.514, 0.601
1, -44.850, 44.850, 50.8, 0.136, 0.134
2, 1.116, 44.850, 60.9, 0.833, 1.051
1, -26.958, 26.958, 36.1, 0.064, 0.075
2, -26.958, 26.958, 39.6, 0.408, 0.440
1, 1.300, 47.829, 70.9, 0.222, 0.244
2, 2.766, 47.829, 79.9, 1.275, 1.568
1, -29.931, 29.931, 41.9, 0.107, 0.115
2, -29.931, 29.931, 51.1, 0.716, 0.764
1, 1.054, 37.986, 57.5, 0.101, 0.113
2, 2.242, 37.986, 64.8, 0.657, 0.748
1, 1.814, 38.550, 98.9, 0.173, 0.219
2, 3.777, 38.550, 107.1, 1.127, 1.221
1, 2.216, 45.152, 120.9, 0.200, 0.241
2, 4.555, 45.152, 127.6, 1.273, 1.423
1, -24.593, 24.593, 23.7, 0.055, 0.052
2, -24.593, 24.593, 33.3, 0.415, 0.443
1, 1.993, 38.337, 108.7, 0.244, 0.313
2, 4.416, 38.337, 132.1, 1.802, 1.901
1, -29.165, 29.165, 31.3, 0.078, 0.077
2, -29.165, 29.165, 49.4, 0.664, 0.715
1, -34.077, 34.077, 42.1, 0.099, 0.118
2, -34.077, 34.077, 41.3, 0.464, 0.642
1, 1.093, 28.150, 59.6, 0.122, 0.147
2, 2.351, 28.150, 68.6, 0.860, 0.894
1, -38.339, 38.339, 47.8, 0.149, 0.133
2, 1.186, 38.339, 64.7, 1.026, 1.182
1, -23.380, 23.380, 22.2, 0.052, 0.057
2, -23.380, 23.380, 30.4, 0.368, 0.397
1, -27.023, 27.023, 33.9, 0.086, 0.090
2, -27.023, 27.023, 43.8, 0.606, 0.644
1, 3.093, 70.406, 168.7, 0.481, 0.399
2, 8.799, 70.406, 311.2, 4.661, 5.271
1, -33.817, 33.817, 48.7, 0.143, 0.153
2, 1.276, 33.817, 69.6, 1.113, 1.205
1, -24.099, 24.099, 29.7, 0.056, 0.053
2, -24.099, 24.099, 50.3, 0.544, 0.568
1, 2.086, 46.014, 113.8, 0.218, 0.229
2, 4.901, 46.014, 153.5, 1.671, 1.841
1, 1.125, 52.132, 61.4, 0.108, 0.122
2, 2.304, 52.132, 64.3, 0.597, 0.887
1, 1.367, 40.487, 74.5, 0.143, 0.123
2, 3.882, 40.487, 137.2, 1.394, 1.513
1, -36.806, 36.806, 54.2, 0.115, 0.099
2, 1.531, 36.806, 83.5, 1.026, 1.107
1, -31.915, 31.915, 32.1, 0.067, 0.076
2, -31.915, 31.915, 30.6, 0.314, 0.426
1, -31.548, 31.548, 43.5, 0.075, 0.087
2, 1.005, 31.548, 54.8, 0.534, 0.592
1, -25.894, 25.894, 32.4, 0.072, 0.093
2, -25.894, 25.894, 32.2, 0.376, 0.427
1, -25.432, 25.432, 29.8, 0.056, 0.070
2, -25.432, 25.432, 29.6, 0.303, 0.335
1, -34.186, 34.186, 45.9, 0.153, 0.169
2, -34.186, 34.186, 49.7, 0.831, 0.975
1, -41.729, 41.729, 37.5, 0.081, 0.069
2, -41.729, 41.729, 52.5, 0.622, 0.757
1, -36.385, 36.385, 41.6, 0.080, 0.099
2, -36.385, 36.385, 39.4, 0.385, 0.551
1, 1.389, 45.618, 75.8, 0.172, 0.167
2, 3.294, 45.618, 103.9, 1.307, 1.471
1, 1.391, 35.269, 75.9, 0.134, 0.112
2, 4.336, 35.269, 160.6, 1.489, 1.567
1, -31.235, 31.235, 51.2, 0.191, 0.164
2, 1.735, 31.235, 94.6, 1.981, 2.053
1, -29.622, 29.622, 36.5, 0.048, 0.047
2, 1.024, 29.622, 55.9, 0.416, 0.462
1, 1.251, 48.691, 68.2, 0.187, 0.177
2, 2.962, 48.691, 93.3, 1.360, 1.691
1, 1.956, 41.885, 106.7, 0.281, 0.291
2, 4.587, 41.885, 143.5, 2.178, 2.296
1, -25.510, 25.510, 35.9, 0.074, 0.055
2, 1.408, 25.510, 76.8, 0.916, 0.942
1, -21.249, 21.249, 19.8, 0.038, 0.034
2, -21.249, 21.249, 38.0, 0.419, 0.438
1, -36.300, 36.300, 43.4, 0.116, 0.121
2, 1.150, 36.300, 62.7, 0.875, 0.997
1, 1.039, 41.934, 56.7, 0.205, 0.173
2, 2.915, 41.934, 102.3, 1.985, 2.179
1, 1.830, 30.448, 99.8, 0.144, 0.169
2, 4.088, 30.448, 123.2, 1.181, 1.217
1, 1.187, 34.440, 64.7, 0.139, 0.151
2, 2.936, 34.440, 95.4, 1.191, 1.269
1, 1.480, 34.089, 80.7, 0.220, 0.177
2, 4.833, 34.089, 182.9, 2.903, 2.969
1, -28.093, 28.093, 32.4, 0.075, 0.065
2, -28.093, 28.093, 53.3, 0.688, 0.727
1, 1.792, 46.828, 97.7, 0.227, 0.232
2, 4.195, 46.828, 131.1, 1.747, 1.919
1, 1.047, 57.317, 57.1, 0.164, 0.137
2, 3.724, 57.317, 146.1, 1.893, 2.283
1, 1.152, 51.658, 62.8, 0.119, 0.098
2, 3.085, 51.658, 105.4, 1.015, 1.251
1, 1.301, 33.812, 71.0, 0.181, 0.209
2, 3.107, 33.812, 98.5, 1.465, 1.541
1, -24.136, 24.136, 20.2, 0.037, 0.035
2, -24.136, 24.136, 28.2, 0.288, 0.311
1, -44.000, 44.000, 42.5, 0.104, 0.089
2, 1.393, 44.000, 76.0, 0.959, 1.145
1, 2.932, 64.104, 159.9, 0.643, 0.717
2, 6.552, 64.104, 197.5, 4.441, 4.898
1, 2.476, 44.316, 135.1, 0.271, 0.225
2, 6.984, 44.316, 245.9, 2.892, 3.026
1, 1.144, 46.038, 62.4, 0.169, 0.189
2, 2.456, 46.038, 71.5, 0.975, 1.219
1, 1.611, 58.945, 87.9, 0.188, 0.139
2, 4.256, 58.945, 144.3, 1.794, 2.106
1, -25.248, 25.248, 29.3, 0.066, 0.070
2, -25.248, 25.248, 42.1, 0.531, 0.562
1, -36.343, 36.343, 35.2, 0.065, 0.055
2, -36.343, 36.343, 51.6, 0.529, 0.614
1, -20.958, 20.958, 20.1, 0.046, 0.037
2, -20.958, 20.958, 42.7, 0.556, 0.573
1, -22.926, 22.926, 21.9, 0.052, 0.056
2, -22.926, 22.926, 30.0, 0.357, 0.387
1, -28.460, 28.460, 35.7, 0.105, 0.097
2, 1.068, 28.460, 58.2, 0.940, 0.990
1, -41.625, 41.625, 39.8, 0.082, 0.082
2, -41.625, 41.625, 45.2, 0.473, 0.677
1, -32.200, 32.200, 39.9, 0.069, 0.069
2, -32.200, 32.200, 53.4, 0.522, 0.578
1, -31.153, 31.153, 32.0, 0.059, 0.067
2, -31.153, 31.153, 34.2, 0.338, 0.404
1, 1.099, 44.979, 60.0, 0.131, 0.142
2, 2.545, 44.979, 78.8, 0.939, 1.136
1, 1.733, 35.924, 94.5, 0.237, 0.256
2, 4.407, 35.924, 145.8, 2.153, 2.232
1, -46.559, 46.559, 53.1, 0.121, 0.112
2, 1.475, 46.559, 80.4, 0.972, 1.186
1, 1.001, 40.154, 54.6, 0.090, 0.082
2, 2.397, 40.154, 76.1, 0.742, 0.855
1, 1.161, 37.936, 63.3, 0.152, 0.169
2, 2.503, 37.936, 73.2, 0.981, 1.078
1, 1.110, 47.480, 60.5, 0.162, 0.176
2, 2.397, 47.480, 70.2, 0.959, 1.270
1, -28.148, 28.148, 37.9, 0.106, 0.100
2, 1.302, 28.148, 71.0, 1.111, 1.157
1, -32.226, 32.226, 33.8, 0.088, 0.093
2, -32.226, 32.226, 35.7, 0.455, 0.575
1, -35.805, 35.805, 44.1, 0.123, 0.112
2, 1.317, 35.805, 71.8, 1.086, 1.191
1, 1.561, 40.201, 85.1, 0.192, 0.181
2, 3.803, 40.201, 122.3, 1.619, 1.721
1, -28.457, 28.457, 32.2, 0.073, 0.074
2, -28.457, 28.457, 53.8, 0.676, 0.721
1, 1.119, 51.461, 61.0, 0.117, 0.111
2, 2.525, 51.461, 76.7, 0.801, 1.050
1, -35.038, 35.038, 39.5, 0.107, 0.080
2, 1.661, 35.038, 90.6, 1.349, 1.436
1, 1.708, 53.819, 93.2, 0.198, 0.209
2, 3.783, 53.819, 113.2, 1.341, 1.597
1, -35.586, 35.586, 52.2, 0.124, 0.152
2, -35.586, 35.586, 54.1, 0.693, 0.804
1, 1.670, 46.750, 91.1, 0.154, 0.150
2, 3.952, 46.750, 124.5, 1.208, 1.384
1, -52.747, 52.747, 52.5, 0.121, 0.105
2, 1.624, 52.747, 88.6, 1.041, 1.367
1, -34.049, 34.049, 36.6, 0.072, 0.064
2, 1.013, 34.049, 55.2, 0.600, 0.671
1, -27.392, 27.392, 30.1, 0.057, 0.075
2, -27.392, 27.392, 25.6, 0.243, 0.307
1, -24.540, 24.540, 18.5, 0.035, 0.033
2, -24.540, 24.540, 25.2, 0.253, 0.281
1, -32.669, 32.669, 52.3, 0.149, 0.120
2, 1.794, 32.669, 97.9, 1.564, 1.631
1, -30.118, 30.118, 34.4, 0.059, 0.070
2, -30.118, 30.118, 36.5, 0.345, 0.402
1, -22.932, 22.932, 22.5, 0.047, 0.044
2, -22.932, 22.932, 41.8, 0.491, 0.514
1, -25.486, 25.486, 35.1, 0.122, 0.092
2, 1.409, 25.486, 76.9, 1.515, 1.556
1, -31.060, 31.060, 30.9, 0.072, 0.063
2, -31.060, 31.060, 47.2, 0.600, 0.657
1, -26.071, 26.071, 22.3, 0.068, 0.053
2, -26.071, 26.071, 50.1, 0.771, 0.821
1, 1.204, 39.850, 65.7, 0.221, 0.192
2, 3.280, 39.850, 113.2, 2.083, 2.211
1, 2.097, 54.294, 114.4, 0.165, 0.188
2, 4.306, 54.294, 120.5, 1.017, 1.283
1, 2.642, 69.853, 144.1, 0.335, 0.374
2, 5.628, 69.853, 162.9, 2.056, 2.586
1, 1.088, 37.120, 59.4, 0.223, 0.220
2, 2.566, 37.120, 80.6, 1.615, 1.729
1, -38.356, 38.356, 30.5, 0.073, 0.059
2, -38.356, 38.356, 45.9, 0.555, 0.685
1, 1.915, 31.645, 104.5, 0.253, 0.225
2, 5.969, 31.645, 221.1, 3.086, 3.125
1, -37.064, 37.064, 48.0, 0.157, 0.147
2, 1.140, 37.064, 62.2, 1.060, 1.176
1, 1.046, 27.648, 57.0, 0.119, 0.119
2, 2.915, 27.648, 102.0, 1.260, 1.291
1, -31.530, 31.530, 36.4, 0.089, 0.094
2, -31.530, 31.530, 47.7, 0.581, 0.681
1, 1.203, 38.145, 65.6, 0.135, 0.144
2, 2.912, 38.145, 93.2, 1.097, 1.202
1, -41.061, 41.061, 48.6, 0.100, 0.092
2, 1.271, 41.061, 69.3, 0.786, 0.912
1, 1.234, 48.185, 67.3, 0.152, 0.170
2, 2.628, 48.185, 76.0, 0.930, 1.148
1, 2.419, 56.185, 132.0, 0.304, 0.293
2, 5.957, 56.185, 192.9, 2.470, 2.773
1, -29.203, 29.203, 28.5, 0.061, 0.053
2, -29.203, 29.203, 50.0, 0.590, 0.640
1, -43.398, 43.398, 48.5, 0.098, 0.117
2, -43.398, 43.398, 42.7, 0.440, 0.654
1, 1.111, 39.240, 60.6, 0.123, 0.129
2, 2.728, 39.240, 88.2, 1.007, 1.124
1, -23.461, 23.461, 22.8, 0.041, 0.039
2, -23.461, 23.461, 35.5, 0.360, 0.382
1, -26.344, 26.344, 29.3, 0.065, 0.074
2, -26.344, 26.344, 37.1, 0.454, 0.494
1, -34.432, 34.432, 28.5, 0.064, 0.051
2, -34.432, 34.432, 44.3, 0.535, 0.619
1, -28.016, 28.016, 39.4, 0.089, 0.103
2, -28.016, 28.016, 47.6, 0.604, 0.643
1, 1.060, 57.866, 57.8, 0.095, 0.088
2, 2.520, 57.866, 79.6, 0.681, 1.042
1, -28.484, 28.484, 27.2, 0.048, 0.058
2, -28.484, 28.484, 29.0, 0.261, 0.329
1, -30.198, 30.198, 34.1, 0.064, 0.079
2, -30.198, 30.198, 35.8, 0.364, 0.424
1, -33.840, 33.840, 51.4, 0.127, 0.139
2, 1.218, 33.840, 66.4, 0.919, 0.996
1, -25.216, 25.216, 52.7, 0.120, 0.131
2, 1.335, 25.216, 72.8, 1.008, 1.033
1, -43.478, 43.478, 52.8, 0.098, 0.099
2, 1.327, 43.478, 72.4, 0.724, 0.876
1, -26.283, 26.283, 31.7, 0.073, 0.075
2, -26.283, 26.283, 43.4, 0.561, 0.593
1, -28.932, 28.932, 44.9, 0.108, 0.121
2, 1.000, 28.932, 54.6, 0.749, 0.792
1, 1.063, 40.620, 58.0, 0.105, 0.101
2, 2.441, 40.620, 75.2, 0.800, 0.909
1, 1.197, 44.155, 65.3, 0.139, 0.156
2, 2.528, 44.155, 72.6, 0.860, 1.010
1, 1.555, 29.283, 84.8, 0.165, 0.202
2, 3.558, 29.283, 109.3, 1.312, 1.348
1, 3.756, 43.910, 204.8, 0.104, 0.126
2, 6.835, 43.910, 167.9, 0.475, 0.680
1, 1.105, 30.370, 60.3, 0.102, 0.101
2, 2.734, 30.370, 88.9, 0.893, 0.935
1, 1.821, 47.329, 99.3, 0.342, 0.300
2, 4.859, 47.329, 165.7, 3.185, 3.376
1, -31.482, 31.482, 35.0, 0.075, 0.081
2, -31.482, 31.482, 44.8, 0.518, 0.609
1, -38.299, 38.299, 40.9, 0.073, 0.072
2, -38.299, 38.299, 53.0, 0.521, 0.631
1, -32.469, 32.469, 43.8, 0.125, 0.111
2, 1.272, 32.469, 69.4, 1.096, 1.166
1, 1.836, 64.090, 100.1, 0.240, 0.217
2, 4.537, 64.090, 147.3, 1.932, 2.420
1, -47.746, 47.746, 54.0, 0.127, 0.141
2, 1.238, 47.746, 67.5, 0.816, 1.063
1, -31.049, 31.049, 30.4, 0.064, 0.065
2, -31.049, 31.049, 37.3, 0.414, 0.487
1, -33.809, 33.809, 41.1, 0.074, 0.096
2, -33.809, 33.809, 40.0, 0.387, 0.478
1, -28.238, 28.238, 34.1, 0.076, 0.090
2, -28.238, 28.238, 42.1, 0.512, 0.562
1, -32.595, 32.595, 37.5, 0.108, 0.095
2, 1.105, 32.595, 60.3, 0.937, 1.007
1, -34.455, 34.455, 35.9, 0.081, 0.091
2, -34.455, 34.455, 37.3, 0.398, 0.506
1, 1.563, 60.072, 85.3, 0.120, 0.109
2, 3.729, 60.072, 118.1, 0.810, 1.196
1, -28.602, 28.602, 33.1, 0.058, 0.065
2, -28.602, 28.602, 40.3, 0.401, 0.442
1, 1.192, 48.159, 65.0, 0.155, 0.164
2, 2.489, 48.159, 70.7, 0.898, 1.114
1, -29.063, 29.063, 28.5, 0.056, 0.063
2, -29.063, 29.063, 35.2, 0.372, 0.432
1, -33.794, 33.794, 36.5, 0.103, 0.102
2, -33.794, 33.794, 42.0, 0.592, 0.703
1, -39.086, 39.086, 45.5, 0.092, 0.102
2, -39.086, 39.086, 50.1, 0.551, 0.660
1, -46.987, 46.987, 50.8, 0.086, 0.096
2, -46.987, 46.987, 50.9, 0.452, 0.677
1, -27.684, 27.684, 28.0, 0.048, 0.054
2, -27.684, 27.684, 32.8, 0.310, 0.351
1, -25.936, 25.936, 26.0, 0.059, 0.069
2, -25.936, 25.936, 29.2, 0.337, 0.383
1, -44.772, 44.772, 48.8, 0.087, 0.103
2, -44.772, 44.772, 46.4, 0.420, 0.677
1, 1.106, 47.724, 60.3, 0.120, 0.135
2, 2.262, 47.724, 63.0, 0.665, 0.904
1, 2.196, 44.290, 119.8, 0.252, 0.315
2, 4.728, 44.290, 138.1, 1.709, 1.859
1, -29.336, 29.336, 40.5, 0.066, 0.074
2, -29.336, 29.336, 46.5, 0.449, 0.489
1, -41.074, 41.074, 47.7, 0.092, 0.101
2, -41.074, 41.074, 48.8, 0.519, 0.642
1, -35.555, 35.555, 46.2, 0.095, 0.100
2, 1.039, 35.555, 56.7, 0.649, 0.727
1, -26.655, 26.655, 28.4, 0.044, 0.055
2, -26.655, 26.655, 33.0, 0.287, 0.328
1, -34.310, 34.310, 37.6, 0.070, 0.076
2, -34.310, 34.310, 49.1, 0.499, 0.581
1, 1.864, 72.011, 101.7, 0.203, 0.196
2, 4.006, 72.011, 116.8, 1.348, 1.886
1, 1.343, 50.842, 73.3, 0.166, 0.192
2, 3.177, 50.842, 100.0, 1.200, 1.485
1, -34.608, 34.608, 53.7, 0.092, 0.115
2, 1.187, 34.608, 64.8, 0.635, 0.716
1, 1.120, 29.717, 61.1, 0.160, 0.118
2, 3.541, 29.717, 132.0, 2.080, 2.120
1, -48.749, 48.749, 50.7, 0.096, 0.098
2, 1.083, 48.749, 59.1, 0.588, 0.840
1, -31.529, 31.529, 40.4, 0.064, 0.075
2, -31.529, 31.529, 44.6, 0.401, 0.456
1, -46.724, 46.724, 52.9, 0.106, 0.122
2, -46.724, 46.724, 53.3, 0.541, 0.818
1, -31.863, 31.863, 31.1, 0.064, 0.069
2, -31.863, 31.863, 33.4, 0.353, 0.438
1, -28.398, 28.398, 29.9, 0.064, 0.075
2, -28.398, 28.398, 27.3, 0.276, 0.372
1, -40.309, 40.309, 47.8, 0.082, 0.094
2, 1.010, 40.309, 55.1, 0.516, 0.648
1, -35.097, 35.097, 46.6, 0.069, 0.079
2, 1.019, 35.097, 55.6, 0.470, 0.549
1, 3.576, 66.983, 195.0, 0.456, 0.520
2, 7.057, 66.983, 189.9, 2.602, 2.963
1, -22.995, 22.995, 26.4, 0.060, 0.059
2, -22.995, 22.995, 38.7, 0.494, 0.515
1, 1.370, 49.048, 74.7, 0.205, 0.219
2, 3.009, 49.048, 89.4, 1.285, 1.609
1, -32.476, 32.476, 38.2, 0.106, 0.113
2, -32.476, 32.476, 48.8, 0.708, 0.810
1, -24.702, 24.702, 25.2, 0.054, 0.057
2, -24.702, 24.702, 36.2, 0.390, 0.434
1, 1.058, 52.807, 57.7, 0.123, 0.117
2, 2.351, 52.807, 70.5, 0.782, 1.132
1, 1.935, 36.472, 105.5, 0.209, 0.252
2, 4.347, 36.472, 131.6, 1.587, 1.663
1, -30.237, 30.237, 32.4, 0.040, 0.036
2, -30.237, 30.237, 53.8, 0.380, 0.429
1, -29.119, 29.119, 37.4, 0.080, 0.093
2, -29.119, 29.119, 45.4, 0.542, 0.590
1, 1.477, 61.509, 80.6, 0.116, 0.117
2, 3.202, 61.509, 94.1, 0.758, 1.128
1, 1.696, 43.682, 92.5, 0.177, 0.200
2, 3.658, 43.682, 107.0, 1.209, 1.345
1, -37.742, 37.742, 36.7, 0.061, 0.060
2, -37.742, 37.742, 47.1, 0.424, 0.535
1, -53.775, 53.775, 45.1, 0.075, 0.074
2, -53.775, 53.775, 51.4, 0.433, 0.768
1, -28.103, 28.103, 23.4, 0.039, 0.035
2, -28.103, 28.103, 34.8, 0.330, 0.367
1, -24.428, 24.428, 27.7, 0.050, 0.051
2, -24.428, 24.428, 51.2, 0.511, 0.543
1, -26.633, 26.633, 30.0, 0.080, 0.064
2, 1.020, 26.633, 55.6, 0.855, 0.894
1, -30.808, 30.808, 31.8, 0.074, 0.085
2, -30.808, 30.808, 30.1, 0.328, 0.434
1, 1.353, 60.500, 73.8, 0.108, 0.103
2, 3.732, 60.500, 129.7, 0.891, 1.286
1, -45.697, 45.697, 46.9, 0.070, 0.073
2, 1.005, 45.697, 54.8, 0.441, 0.636
1, -39.080, 39.080, 41.2, 0.068, 0.063
2, 1.033, 39.080, 56.3, 0.536, 0.636
1, -26.271, 26.271, 32.0, 0.045, 0.042
2, -26.271, 26.271, 47.3, 0.396, 0.424
1, 1.017, 53.467, 55.5, 0.089, 0.095
2, 2.097, 53.467, 58.9, 0.486, 0.851
1, 1.566, 57.771, 85.4, 0.206, 0.185
2, 4.129, 57.771, 139.8, 1.796, 2.163
1, 2.311, 46.647, 126.0, 0.263, 0.289
2, 4.904, 46.647, 141.5, 1.797, 1.943
1, 2.443, 85.685, 133.2, 0.314, 0.294
2, 5.528, 85.685, 168.3, 2.130, 2.913
1, 1.904, 66.603, 103.9, 0.108, 0.108
2, 4.296, 66.603, 130.5, 0.655, 1.156
1, -23.276, 23.276, 28.9, 0.051, 0.055
2, -23.276, 23.276, 43.1, 0.446, 0.467
1, -38.238, 38.238, 44.7, 0.078, 0.093
2, 1.157, 38.238, 63.1, 0.593, 0.712
1, -28.889, 28.889, 38.1, 0.055, 0.052
2, 1.089, 28.889, 59.4, 0.500, 0.540
1, -51.051, 51.051, 53.4, 0.063, 0.062
2, 1.208, 51.051, 65.9, 0.429, 0.644
1, 1.423, 43.261, 77.6, 0.202, 0.183
2, 3.710, 43.261, 124.7, 1.833, 1.984
1, 1.131, 31.446, 61.7, 0.118, 0.138
2, 2.646, 31.446, 82.6, 0.939, 0.995
1, 1.231, 46.672, 67.1, 0.155, 0.149
2, 2.885, 46.672, 90.2, 1.112, 1.275
1, 1.119, 55.875, 61.0, 0.096, 0.108
2, 2.320, 55.875, 65.5, 0.526, 0.933
1, -29.945, 29.945, 30.3, 0.064, 0.058
2, -29.945, 29.945, 52.5, 0.611, 0.669
1, 2.389, 75.149, 130.3, 0.431, 0.379
2, 6.474, 75.149, 222.8, 3.890, 4.669
1, 1.295, 30.778, 70.6, 0.196, 0.221
2, 3.289, 30.778, 108.8, 1.825, 1.883
1, 1.328, 43.195, 72.4, 0.128, 0.146
2, 2.740, 43.195, 77.0, 0.791, 0.921
1, 1.268, 52.898, 69.2, 0.093, 0.092
2, 2.786, 52.898, 82.8, 0.636, 0.872
1, -47.590, 47.590, 54.5, 0.086, 0.083
2, 1.531, 47.590, 83.5, 0.666, 0.853
1, -36.668, 36.668, 39.9, 0.098, 0.090
2, -36.668, 36.668, 54.1, 0.701, 0.805
1, -32.727, 32.727, 39.4, 0.090, 0.087
2, 1.022, 32.727, 55.8, 0.694, 0.769
1, -33.749, 33.749, 35.2, 0.064, 0.062
2, 1.139, 33.749, 62.1, 0.610, 0.691
1, -47.134, 47.134, 47.1, 0.088, 0.083
2, 1.054, 47.134, 57.5, 0.586, 0.780
1, 1.779, 47.329, 97.1, 0.231, 0.232
2, 4.238, 47.329, 134.1, 1.830, 2.010
1, -24.922, 24.922, 34.3, 0.059, 0.059
2, -24.922, 24.922, 53.2, 0.530, 0.555
1, 1.436, 55.110, 78.3, 0.120, 0.112
2, 3.770, 55.110, 127.3, 0.945, 1.249
1, -32.755, 32.755, 47.7, 0.072, 0.082
2, 1.152, 32.755, 62.9, 0.546, 0.611
1, -34.295, 34.295, 43.8, 0.071, 0.088
2, -34.295, 34.295, 41.3, 0.386, 0.453
1, 1.046, 51.284, 57.1, 0.115, 0.123
2, 2.153, 51.284, 60.4, 0.645, 0.901
1, -31.625, 31.625, 25.5, 0.059, 0.053
2, -31.625, 31.625, 34.7, 0.375, 0.502
1, -40.714, 40.714, 46.6, 0.067, 0.076
2, -40.714, 40.714, 51.7, 0.410, 0.534
1, -24.478, 24.478, 28.2, 0.068, 0.064
2, -24.478, 24.478, 43.3, 0.582, 0.608
1, 4.555, 56.518, 248.4, 0.100, 0.095
2, 9.038, 56.518, 244.5, 0.644, 0.992
1, 1.036, 48.267, 56.5, 0.136, 0.137
2, 2.495, 48.267, 79.6, 0.978, 1.232
1, -34.237, 34.237, 51.3, 0.134, 0.160
2, -34.237, 34.237, 52.0, 0.716, 0.808
1, -25.851, 25.851, 21.7, 0.035, 0.031
2, -25.851, 25.851, 35.0, 0.311, 0.341
1, -21.975, 21.975, 25.1, 0.054, 0.051
2, -21.975, 21.975, 39.9, 0.490, 0.509
1, -33.990, 33.990, 35.0, 0.068, 0.070
2, -33.990, 33.990, 50.0, 0.513, 0.629
1, -24.761, 24.761, 24.2, 0.051, 0.038
2, -24.761, 24.761, 52.3, 0.613, 0.640
1, -27.854, 27.854, 24.6, 0.060, 0.056
2, -27.854, 27.854, 33.2, 0.418, 0.471
1, -22.228, 22.228, 22.6, 0.034, 0.035
2, -22.228, 22.228, 32.6, 0.283, 0.300
1, -43.047, 43.047, 44.6, 0.076, 0.082
2, 1.113, 43.047, 60.7, 0.531, 0.777
1, -32.001, 32.001, 29.2, 0.048, 0.044
2, -32.001, 32.001, 52.6, 0.474, 0.543
1, 1.146, 53.786, 62.5, 0.124, 0.133
2, 2.476, 53.786, 72.5, 0.751, 1.062
1, -32.566, 32.566, 47.1, 0.128, 0.121
2, 1.303, 32.566, 71.0, 1.068, 1.131
1, -22.470, 22.470, 19.1, 0.042, 0.036
2, -22.470, 22.470, 40.6, 0.497, 0.522
1, -29.763, 29.763, 35.2, 0.058, 0.054
2, -29.763, 29.763, 52.3, 0.490, 0.533
1, -39.332, 39.332, 34.4, 0.065, 0.061
2, -39.332, 39.332, 44.7, 0.416, 0.671
1, -46.312, 46.312, 50.7, 0.094, 0.112
2, -46.312, 46.312, 51.8, 0.448, 0.773
1, 2.292, 45.228, 125.0, 0.192, 0.246
1, 1.983, 40.120, 108.1, 0.216, 0.244
2, 4.191, 40.120, 120.4, 1.491, 1.585
1, -34.621, 34.621, 45.8, 0.136, 0.157
2, -34.621, 34.621, 45.8, 0.678, 0.809
1, -28.045, 28.045, 47.4, 0.137, 0.118
2, 1.966, 28.045, 107.3, 1.826, 1.874
1, 1.539, 38.123, 83.9, 0.089, 0.082
2, 3.993, 38.123, 133.9, 0.820, 0.911
1, 1.775, 68.770, 96.8, 0.244, 0.248
2, 3.986, 68.770, 120.6, 1.590, 2.084
1, -40.418, 40.418, 41.9, 0.107, 0.093
2, 1.128, 40.418, 61.5, 0.815, 0.999
1, 1.371, 34.383, 74.8, 0.125, 0.131
2, 3.206, 34.383, 100.1, 1.000, 1.064
1, -28.922, 28.922, 42.3, 0.083, 0.098
2, 1.059, 28.922, 57.8, 0.652, 0.701
1, -29.757, 29.757, 31.7, 0.051, 0.055
2, -29.757, 29.757, 40.7, 0.367, 0.415
1, 1.318, 48.756, 71.9, 0.110, 0.104
2, 2.971, 48.756, 90.2, 0.792, 0.970
1, 1.091, 28.792, 59.5, 0.146, 0.167
2, 2.584, 28.792, 81.4, 1.190, 1.234
1, -41.706, 41.706, 52.2, 0.081, 0.090
2, 1.241, 41.706, 67.7, 0.567, 0.707
1, -23.993, 23.993, 27.5, 0.059, 0.068
2, -23.993, 23.993, 34.1, 0.410, 0.437
1, 1.730, 52.970, 94.4, 0.139, 0.126
2, 4.098, 52.970, 129.2, 1.097, 1.360
1, -38.386, 38.386, 54.2, 0.081, 0.078
2, 1.294, 38.386, 70.6, 0.628, 0.727
1, 1.096, 33.585, 59.8, 0.101, 0.081
2, 2.964, 33.585, 101.9, 1.034, 1.095
1, -35.608, 35.608, 33.1, 0.083, 0.082
2, -35.608, 35.608, 39.7, 0.491, 0.678
1, -32.029, 32.029, 24.6, 0.054, 0.043
2, 1.021, 32.029, 55.7, 0.652, 0.723
1, 1.725, 53.062, 94.1, 0.141, 0.165
2, 3.414, 53.062, 92.2, 0.851, 1.084
1, 1.245, 42.400, 67.9, 0.108, 0.111
2, 2.864, 42.400, 88.3, 0.808, 0.942
1, -32.760, 32.760, 43.2, 0.074, 0.073
2, 1.173, 32.760, 64.0, 0.625, 0.688
1, 1.393, 33.070, 76.0, 0.162, 0.133
2, 3.889, 33.070, 136.2, 1.786, 1.838
1, 1.044, 34.000, 57.0, 0.075, 0.093
2, 2.242, 34.000, 65.3, 0.506, 0.577
1, -32.927, 32.927, 52.4, 0.214, 0.212
2, 1.469, 32.927, 80.1, 1.615, 1.749
1, -49.623, 49.623, 49.6, 0.101, 0.103
2, 1.213, 49.623, 66.2, 0.681, 1.063
1, 1.935, 49.543, 105.6, 0.266, 0.268
2, 4.777, 49.543, 155.0, 2.264, 2.490
1, -33.497, 33.497, 50.8, 0.063, 0.063
2, 1.260, 33.497, 68.7, 0.491, 0.557
1, 1.332, 37.501, 72.6, 0.170, 0.152
2, 3.304, 37.501, 107.6, 1.492, 1.578
1, -37.189, 37.189, 47.8, 0.127, 0.128
2, -37.189, 37.189, 53.2, 0.734, 0.857
1, -24.997, 24.997, 27.8, 0.046, 0.049
2, -24.997, 24.997, 47.3, 0.453, 0.484
1, -25.300, 25.300, 32.8, 0.072, 0.069
2, -25.300, 25.300, 52.1, 0.645, 0.673
1, -28.371, 28.371, 26.9, 0.048, 0.047
2, -28.371, 28.371, 35.7, 0.347, 0.393
1, -37.908, 37.908, 40.9, 0.100, 0.104
2, -37.908, 37.908, 51.5, 0.653, 0.811
1, -34.788, 34.788, 31.7, 0.074, 0.075
2, -34.788, 34.788, 36.5, 0.410, 0.556
1, -35.500, 35.500, 39.6, 0.075, 0.089
2, -35.500, 35.500, 42.0, 0.424, 0.518
1, -41.634, 41.634, 50.5, 0.109, 0.133
2, -41.634, 41.634, 47.4, 0.521, 0.722
1, 2.145, 57.187, 117.0, 0.301, 0.263
2, 5.904, 57.187, 205.0, 2.741, 3.078
1, 1.229, 34.019, 67.0, 0.117, 0.101
2, 3.374, 34.019, 117.0, 1.196, 1.260
1, -43.361, 43.361, 50.0, 0.105, 0.109
2, 1.304, 43.361, 71.1, 0.797, 0.962
1, -27.328, 27.328, 24.6, 0.043, 0.046
2, -27.328, 27.328, 27.8, 0.248, 0.308
1, -33.957, 33.957, 45.2, 0.105, 0.091
2, 1.452, 33.957, 79.2, 1.022, 1.094
1, -27.927, 27.927, 29.6, 0.056, 0.053
2, -27.927, 27.927, 44.9, 0.478, 0.519
1, -31.345, 31.345, 26.0, 0.060, 0.050
2, -31.345, 31.345, 42.6, 0.521, 0.590
1, -41.236, 41.236, 44.3, 0.102, 0.102
2, 1.054, 41.236, 57.5, 0.694, 0.857
1, 1.778, 32.899, 97.0, 0.212, 0.219
2, 5.027, 32.899, 177.3, 2.400, 2.453
1, 3.167, 63.313, 172.8, 0.428, 0.442
2, 7.656, 63.313, 244.8, 3.204, 3.636
1, -28.828, 28.828, 32.1, 0.041, 0.046
2, -28.828, 28.828, 40.3, 0.296, 0.339
1, -41.249, 41.249, 47.0, 0.083, 0.087
2, 1.196, 41.249, 65.3, 0.625, 0.773
1, -29.594, 29.594, 34.6, 0.064, 0.052
2, 1.081, 29.594, 58.9, 0.630, 0.672
1, 1.317, 47.938, 71.8, 0.120, 0.106
2, 3.276, 47.938, 106.9, 0.989, 1.187
1, -26.094, 26.094, 19.8, 0.030, 0.030
2, -26.094, 26.094, 24.5, 0.202, 0.234
1, -35.311, 35.311, 52.6, 0.160, 0.192
2, 1.041, 35.311, 56.8, 0.872, 1.029
1, -30.898, 30.898, 26.1, 0.034, 0.035
2, -30.898, 30.898, 34.1, 0.244, 0.303
1, -26.916, 26.916, 26.0, 0.038, 0.041
2, -26.916, 26.916, 37.7, 0.313, 0.351
1, -32.771, 32.771, 24.9, 0.036, 0.038
2, -32.771, 32.771, 28.4, 0.221, 0.293
1, -37.810, 37.810, 52.8, 0.117, 0.117
2, 1.612, 37.810, 87.9, 1.062, 1.173
1, -41.516, 41.516, 51.8, 0.085, 0.085
2, 1.164, 41.516, 63.5, 0.608, 0.728
1, -30.194, 30.194, 29.7, 0.065, 0.073
2, -30.194, 30.194, 34.0, 0.391, 0.455
1, -45.966, 45.966, 52.8, 0.121, 0.129
2, 1.037, 45.966, 56.6, 0.677, 0.885
1, -32.481, 32.481, 36.2, 0.062, 0.072
2, -32.481, 32.481, 38.2, 0.360, 0.426
1, -21.394, 21.394, 26.9, 0.047, 0.056
2, -21.394, 21.394, 32.9, 0.333, 0.349
1, 1.637, 67.868, 89.3, 0.109, 0.116
2, 3.472, 67.868, 100.1, 0.604, 1.132
1, 2.008, 69.538, 109.5, 0.224, 0.244
2, 4.156, 69.538, 117.2, 1.307, 1.835
1, 2.201, 45.736, 120.1, 0.263, 0.240
2, 5.584, 45.736, 184.5, 2.364, 2.513
1, 1.994, 60.557, 108.8, 0.261, 0.304
2, 3.893, 60.557, 103.6, 1.378, 1.700
1, -46.524, 46.524, 50.3, 0.089, 0.101
2, -46.524, 46.524, 46.6, 0.441, 0.669
1, -33.286, 33.286, 53.0, 0.136, 0.137
2, 1.298, 33.286, 70.8, 1.022, 1.086
1, -43.021, 43.021, 47.4, 0.080, 0.075
2, 1.172, 43.021, 63.9, 0.597, 0.734
1, -50.919, 50.919, 48.8, 0.059, 0.055
2, 1.205, 50.919, 65.7, 0.432, 0.668
1, 2.365, 52.836, 129.0, 0.275, 0.249
2, 5.640, 52.836, 178.6, 2.364, 2.580
1, 1.411, 49.723, 76.9, 0.187, 0.173
2, 3.446, 49.723, 111.0, 1.502, 1.736
1, -45.417, 45.417, 39.0, 0.067, 0.059
2, 1.225, 45.417, 66.8, 0.592, 0.787
1, -27.077, 27.077, 27.8, 0.046, 0.045
2, -27.077, 27.077, 45.4, 0.425, 0.462
1, 2.415, 56.837, 131.7, 0.220, 0.274
2, 5.075, 56.837, 145.1, 1.324, 1.639
1, -39.035, 39.035, 45.5, 0.077, 0.073
2, 1.058, 39.035, 57.7, 0.553, 0.644
1, 2.224, 72.187, 121.3, 0.153, 0.156
2, 4.777, 72.187, 139.3, 0.994, 1.562
1, 1.544, 54.013, 84.2, 0.266, 0.282
2, 3.465, 54.013, 104.8, 1.767, 2.063
1, -24.476, 24.476, 19.0, 0.037, 0.031
2, -24.476, 24.476, 32.1, 0.343, 0.370
1, -31.829, 31.829, 34.0, 0.052, 0.053
2, -31.829, 31.829, 48.7, 0.416, 0.477
1, 1.867, 35.470, 101.8, 0.159, 0.151
2, 5.248, 35.470, 184.4, 1.655, 1.721
1, 1.016, 36.596, 55.4, 0.089, 0.098
2, 2.122, 36.596, 60.3, 0.566, 0.641
1, 2.453, 54.685, 133.8, 0.281, 0.305
2, 5.607, 54.685, 172.0, 2.059, 2.335
1, -36.724, 36.724, 33.1, 0.061, 0.054
2, -36.724, 36.724, 50.5, 0.501, 0.598
1, 1.245, 40.902, 67.9, 0.088, 0.106
2, 2.492, 40.902, 68.0, 0.525, 0.642
1, 2.853, 72.606, 155.6, 0.354, 0.441
1, -37.603, 37.603, 41.2, 0.057, 0.065
2, -37.603, 37.603, 41.6, 0.331, 0.421
1, 2.190, 28.873, 119.5, 0.052, 0.058
2, 4.540, 28.873, 128.2, 0.329, 0.372
1, 1.053, 55.166, 57.4, 0.095, 0.098
2, 2.292, 55.166, 67.6, 0.586, 0.929
1, -32.557, 32.557, 29.4, 0.046, 0.041
2, -32.557, 32.557, 51.5, 0.439, 0.507
1, -36.576, 36.576, 34.1, 0.058, 0.058
2, 1.030, 36.576, 56.2, 0.506, 0.612
1, -25.460, 25.460, 23.2, 0.034, 0.034
2, -25.460, 25.460, 33.8, 0.280, 0.311
1, 2.506, 55.697, 136.7, 0.291, 0.332
2, 5.276, 55.697, 151.1, 1.882, 2.146
1, -24.434, 24.434, 27.0, 0.042, 0.041
2, -24.434, 24.434, 41.9, 0.379, 0.403
1, 1.400, 49.222, 76.4, 0.220, 0.233
2, 3.148, 49.222, 95.3, 1.456, 1.817
1, 1.551, 49.219, 84.6, 0.143, 0.159
2, 3.178, 49.219, 88.8, 0.893, 1.073
1, -21.593, 21.593, 15.2, 0.020, 0.019
2, -21.593, 21.593, 21.7, 0.162, 0.178
1, 3.229, 64.785, 176.1, 0.359, 0.381
2, 6.695, 64.785, 189.1, 2.280, 2.617
1, -45.724, 45.724, 45.4, 0.085, 0.091
2, -45.724, 45.724, 46.3, 0.436, 0.709
1, -34.150, 34.150, 30.8, 0.050, 0.046
2, -34.150, 34.150, 51.9, 0.456, 0.536
1, 1.979, 42.284, 107.9, 0.249, 0.229
2, 5.184, 42.284, 174.9, 2.353, 2.476
1, 2.194, 75.985, 119.6, 0.258, 0.246
2, 5.808, 75.985, 197.1, 2.150, 2.914
1, 2.224, 69.953, 121.3, 0.170, 0.156
2, 5.667, 69.953, 187.8, 1.252, 1.778
1, 1.119, 46.947, 61.1, 0.103, 0.111
2, 2.473, 46.947, 73.8, 0.687, 0.878
1, -41.867, 41.867, 39.6, 0.071, 0.068
2, -41.867, 41.867, 46.9, 0.458, 0.621
1, 1.582, 62.114, 86.3, 0.180, 0.189
2, 3.669, 62.114, 113.8, 1.264, 1.718
1, -31.785, 31.785, 34.5, 0.071, 0.063
2, -31.785, 31.785, 52.5, 0.599, 0.659
1, -30.863, 30.863, 24.6, 0.044, 0.040
2, -30.863, 30.863, 34.3, 0.324, 0.390
1, -32.653, 32.653, 48.5, 0.078, 0.075
2, 1.321, 32.653, 72.1, 0.663, 0.723
1, 1.184, 62.856, 64.6, 0.136, 0.125
2, 3.327, 62.856, 116.9, 1.189, 1.668
1, -30.284, 30.284, 30.9, 0.058, 0.058
2, -30.284, 30.284, 44.5, 0.430, 0.536
1, -54.398, 54.398, 51.9, 0.113, 0.094
2, 1.451, 54.398, 79.1, 0.896, 1.176
1, 1.304, 44.598, 71.1, 0.160, 0.188
2, 2.707, 44.598, 76.6, 0.953, 1.124
1, -38.494, 38.494, 33.7, 0.069, 0.059
2, 1.039, 38.494, 56.7, 0.531, 0.642
1, -35.677, 35.677, 44.7, 0.109, 0.123
2, -35.677, 35.677, 53.1, 0.698, 0.809
1, 1.519, 57.170, 82.9, 0.181, 0.213
2, 2.943, 57.170, 77.7, 0.906, 1.243
1, -31.254, 31.254, 33.6, 0.057, 0.066
2, -31.254, 31.254, 48.3, 0.450, 0.515
1, -31.783, 31.783, 38.2, 0.076, 0.093
2, -31.783, 31.783, 43.6, 0.472, 0.541
1, -23.340, 23.340, 33.5, 0.049, 0.058
2, -23.340, 23.340, 38.2, 0.337, 0.355
1, -33.148, 33.148, 34.8, 0.076, 0.089
2, -33.148, 33.148, 31.1, 0.327, 0.465
1, -30.909, 30.909, 25.1, 0.061, 0.054
2, -30.909, 30.909, 36.0, 0.413, 0.512
1, -21.374, 21.374, 19.8, 0.040, 0.041
2, -21.374, 21.374, 31.8, 0.357, 0.375
1, -40.738, 40.738, 39.2, 0.086, 0.080
2, -40.738, 40.738, 48.8, 0.541, 0.751
1, -41.700, 41.700, 47.5, 0.072, 0.073
2, 1.055, 41.700, 57.5, 0.493, 0.623
1, -33.691, 33.691, 40.1, 0.095, 0.115
2, -33.691, 33.691, 37.9, 0.454, 0.567
1, -20.554, 20.554, 16.1, 0.030, 0.026
2, -20.554, 20.554, 28.9, 0.296, 0.311
1, 1.760, 39.217, 96.0, 0.120, 0.130
2, 3.884, 39.217, 115.9, 0.911, 1.011
1, -37.368, 37.368, 42.7, 0.068, 0.067
2, 1.016, 37.368, 55.4, 0.503, 0.591
1, 1.087, 48.535, 59.3, 0.108, 0.128
2, 1.087, 48.535, 53.0, 0.537, 0.741
1, 1.007, 29.419, 55.0, 0.095, 0.116
2, 2.292, 29.419, 70.1, 0.716, 0.760
1, -33.771, 33.771, 37.7, 0.092, 0.087
2, 1.194, 33.771, 65.2, 0.793, 0.893
1, 1.077, 50.779, 58.7, 0.130, 0.126
2, 2.308, 50.779, 67.1, 0.809, 1.050
1, -29.307, 29.307, 26.5, 0.042, 0.035
2, -29.307, 29.307, 43.6, 0.386, 0.428
1, -34.339, 34.339, 44.3, 0.081, 0.085
2, 1.114, 34.339, 60.8, 0.623, 0.699
1, 1.109, 44.264, 60.5, 0.083, 0.093
2, 2.299, 44.264, 64.9, 0.511, 0.660
1, 2.828, 47.004, 154.2, 0.335, 0.396
2, 5.948, 47.004, 170.2, 2.263, 2.417
1, -47.812, 47.812, 48.3, 0.103, 0.099
2, 1.153, 47.812, 62.9, 0.612, 0.881
1, -28.078, 28.078, 28.9, 0.047, 0.046
2, -28.078, 28.078, 41.4, 0.374, 0.413
1, -38.598, 38.598, 44.7, 0.094, 0.100
2, -38.598, 38.598, 52.1, 0.595, 0.705
1, 2.286, 68.911, 124.7, 0.184, 0.163
2, 5.474, 68.911, 173.9, 1.423, 1.950
1, 1.019, 37.378, 55.6, 0.111, 0.099
2, 2.653, 37.378, 89.1, 1.011, 1.105
1, -24.594, 24.594, 22.0, 0.029, 0.027
2, -24.594, 24.594, 33.7, 0.263, 0.286
1, -37.899, 37.899, 52.8, 0.118, 0.127
2, 1.226, 37.899, 66.9, 0.821, 0.920
1, 1.041, 48.289, 56.8, 0.079, 0.064
2, 2.696, 48.289, 90.3, 0.696, 0.885
1, -50.719, 50.719, 47.0, 0.070, 0.067
2, 1.056, 50.719, 57.6, 0.467, 0.692
1, -29.799, 29.799, 31.5, 0.072, 0.074
2, -29.799, 29.799, 40.4, 0.507, 0.553
1, -39.398, 39.398, 30.0, 0.058, 0.051
2, -39.398, 39.398, 42.9, 0.413, 0.546
1, -47.645, 47.645, 46.8, 0.083, 0.086
2, -47.645, 47.645, 50.9, 0.469, 0.720
1, -29.932, 29.932, 46.4, 0.121, 0.143
2, 1.010, 29.932, 55.1, 0.801, 0.855
1, -30.173, 30.173, 47.0, 0.066, 0.080
2, -30.173, 30.173, 49.8, 0.429, 0.471
1, 1.238, 56.565, 67.5, 0.130, 0.143
2, 2.605, 56.565, 74.6, 0.749, 1.100
1, 1.141, 48.007, 62.2, 0.150, 0.171
2, 2.304, 48.007, 63.4, 0.787, 1.075
1, -32.675, 32.675, 34.1, 0.054, 0.063
2, -32.675, 32.675, 34.8, 0.300, 0.366
1, 1.171, 44.248, 63.9, 0.191, 0.174
2, 2.759, 44.248, 86.6, 1.353, 1.553
1, -40.192, 40.192, 54.4, 0.097, 0.115
2, 1.161, 40.192, 63.3, 0.623, 0.744
1, 1.614, 44.673, 88.0, 0.191, 0.167
2, 4.048, 44.673, 132.8, 1.728, 1.868
1, -38.692, 38.692, 45.0, 0.111, 0.096
2, 1.320, 38.692, 72.0, 0.833, 0.957
1, 1.288, 44.457, 70.3, 0.111, 0.111
2, 2.918, 44.457, 88.9, 0.824, 0.973
1, -39.898, 39.898, 45.5, 0.074, 0.094
2, -39.898, 39.898, 40.6, 0.339, 0.466
1, 1.114, 42.219, 60.8, 0.070, 0.073
2, 2.454, 42.219, 73.1, 0.491, 0.624
1, 1.462, 56.565, 79.7, 0.217, 0.233
2, 3.064, 56.565, 87.4, 1.253, 1.594
1, -29.115, 29.115, 28.3, 0.056, 0.053
2, -29.115, 29.115, 46.7, 0.506, 0.559
1, -26.964, 26.964, 21.0, 0.040, 0.032
2, -26.964, 26.964, 44.1, 0.454, 0.492
1, -46.059, 46.059, 50.2, 0.093, 0.091
2, 1.617, 46.059, 88.2, 0.848, 1.045
1, -27.295, 27.295, 38.9, 0.089, 0.069
2, 1.526, 27.295, 83.2, 1.093, 1.127
1, 1.505, 42.630, 82.1, 0.121, 0.128
2, 3.315, 42.630, 98.8, 0.862, 0.991
1, -33.638, 33.638, 29.7, 0.050, 0.043
2, -33.638, 33.638, 47.4, 0.432, 0.505
1, 1.774, 76.108, 96.8, 0.145, 0.166
2, 3.492, 76.108, 93.7, 0.796, 1.395
1, -31.000, 31.000, 33.8, 0.040, 0.042
2, -31.000, 31.000, 40.2, 0.279, 0.327
1, -31.137, 31.137, 46.7, 0.084, 0.098
2, -31.137, 31.137, 53.9, 0.558, 0.609
1, -36.899, 36.899, 32.5, 0.068, 0.066
2, -36.899, 36.899, 36.1, 0.375, 0.536
1, -36.627, 36.627, 36.6, 0.063, 0.065
2, -36.627, 36.627, 46.3, 0.429, 0.547
1, -37.793, 37.793, 44.8, 0.091, 0.109
1, 1.177, 33.748, 64.2, 0.094, 0.084
2, 3.181, 33.748, 109.3, 0.939, 1.003
1, 1.372, 62.135, 74.8, 0.186, 0.219
2, 3.133, 62.135, 96.0, 1.174, 1.644
1, -27.586, 27.586, 38.5, 0.054, 0.070
2, -27.586, 27.586, 39.0, 0.321, 0.356
1, 1.126, 58.168, 61.4, 0.113, 0.121
2, 2.393, 58.168, 69.1, 0.628, 0.973
1, 1.702, 32.237, 92.9, 0.171, 0.202
2, 3.761, 32.237, 112.3, 1.326, 1.370
1, -46.106, 46.106, 52.1, 0.115, 0.121
2, 1.209, 46.106, 65.9, 0.761, 0.980
1, -49.856, 49.856, 52.4, 0.099, 0.092
2, 1.349, 49.856, 73.6, 0.616, 0.910
1, -29.627, 29.627, 42.8, 0.078, 0.074
2, 1.399, 29.627, 76.3, 0.806, 0.853
1, -42.268, 42.268, 44.0, 0.086, 0.085
2, -42.268, 42.268, 54.5, 0.533, 0.789
1, -33.204, 33.204, 36.5, 0.056, 0.066
2, -33.204, 33.204, 45.0, 0.379, 0.456
1, -24.237, 24.237, 24.5, 0.038, 0.039
2, -24.237, 24.237, 33.7, 0.294, 0.317
1, -29.043, 29.043, 21.5, 0.037, 0.037
2, -29.043, 29.043, 28.9, 0.258, 0.336
1, 1.105, 55.070, 60.3, 0.136, 0.138
2, 2.513, 55.070, 76.8, 0.876, 1.307
1, -23.718, 23.718, 21.0, 0.039, 0.034
2, -23.718, 23.718, 41.2, 0.427, 0.453
1, 1.591, 43.483, 86.8, 0.283, 0.327
2, 3.243, 43.483, 90.2, 1.579, 1.738
1, -30.038, 30.038, 53.2, 0.093, 0.099
2, 1.325, 30.038, 72.3, 0.747, 0.791
1, 1.550, 66.799, 84.5, 0.171, 0.193
2, 3.256, 66.799, 93.1, 0.963, 1.500
1, 1.947, 36.532, 106.2, 0.147, 0.170
2, 4.703, 36.532, 150.3, 1.202, 1.276
1, 1.390, 36.347, 75.8, 0.125, 0.159
2, 3.185, 36.347, 97.9, 0.933, 1.016
1, -46.871, 46.871, 48.5, 0.110, 0.110
2, 1.285, 46.871, 70.1, 0.818, 1.028
1, -35.379, 35.379, 34.9, 0.068, 0.071
2, -35.379, 35.379, 42.3, 0.438, 0.534
1, 1.633, 62.183, 89.1, 0.184, 0.204
2, 4.102, 62.183, 134.7, 1.355, 1.788
1, 1.405, 62.412, 76.7, 0.128, 0.114
2, 4.085, 62.412, 146.2, 1.095, 1.531
1, 1.243, 45.795, 67.8, 0.247, 0.187
2, 3.374, 45.795, 116.2, 2.290, 2.485
1, -27.203, 27.203, 29.1, 0.058, 0.063
2, -27.203, 27.203, 39.3, 0.433, 0.475
1, -27.415, 27.415, 25.4, 0.045, 0.049
2, -27.415, 27.415, 28.2, 0.256, 0.315
1, 1.389, 33.587, 75.8, 0.120, 0.132
2, 3.307, 33.587, 104.6, 0.982, 1.044
1, -27.381, 27.381, 25.0, 0.049, 0.048
2, -27.381, 27.381, 43.0, 0.420, 0.478
1, -36.984, 36.984, 32.4, 0.059, 0.058
2, 1.030, 36.984, 56.2, 0.538, 0.646
1, -27.202, 27.202, 33.6, 0.045, 0.050
2, -27.202, 27.202, 39.5, 0.317, 0.347
1, -27.512, 27.512, 35.3, 0.058, 0.060
2, -27.512, 27.512, 46.0, 0.445, 0.478
1, -35.306, 35.306, 44.0, 0.093, 0.111
2, -35.306, 35.306, 48.5, 0.549, 0.660
1, 1.215, 67.351, 66.3, 0.110, 0.113
2, 2.491, 67.351, 69.6, 0.634, 1.156
1, -50.539, 50.539, 54.0, 0.112, 0.121
2, 1.405, 50.539, 76.6, 0.779, 1.146
1, -36.209, 36.209, 28.3, 0.052, 0.047
2, -36.209, 36.209, 40.5, 0.387, 0.500
1, -27.623, 27.623, 32.1, 0.045, 0.043
2, -27.623, 27.623, 45.4, 0.379, 0.412
1, -45.734, 45.734, 48.8, 0.095, 0.101
2, 1.254, 45.734, 68.4, 0.679, 0.908
1, 1.970, 60.676, 107.4, 0.266, 0.326
2, 3.904, 60.676, 105.5, 1.395, 1.809
1, -41.499, 41.499, 41.5, 0.077, 0.082
2, -41.499, 41.499, 47.4, 0.446, 0.701
1, 2.230, 54.460, 121.6, 0.084, 0.086
2, 5.162, 54.460, 159.9, 0.497, 0.821
1, -36.607, 36.607, 44.1, 0.080, 0.094
2, -36.607, 36.607, 43.4, 0.443, 0.528
1, -41.545, 41.545, 40.3, 0.098, 0.090
2, 1.064, 41.545, 58.0, 0.730, 0.941
1, -39.753, 39.753, 38.9, 0.069, 0.069
2, -39.753, 39.753, 49.4, 0.472, 0.595
1, 1.212, 41.427, 66.1, 0.172, 0.187
2, 2.530, 41.427, 71.8, 1.024, 1.156
1, -29.000, 29.000, 38.8, 0.057, 0.053
2, 1.183, 29.000, 64.6, 0.549, 0.592
1, -40.967, 40.967, 36.8, 0.073, 0.068
2, -40.967, 40.967, 48.4, 0.504, 0.665
1, -37.341, 37.341, 47.4, 0.130, 0.122
2, 1.093, 37.341, 59.6, 0.831, 0.975
1, -43.839, 43.839, 35.0, 0.083, 0.066
2, 1.099, 43.839, 60.0, 0.630, 0.844
1, -33.549, 33.549, 48.3, 0.081, 0.085
2, 1.074, 33.549, 58.6, 0.584, 0.643
1, 1.135, 52.934, 61.9, 0.110, 0.111
2, 2.439, 52.934, 71.1, 0.695, 0.939
1, -49.149, 49.149, 45.8, 0.075, 0.073
2, -49.149, 49.149, 53.9, 0.464, 0.725
1, 1.161, 65.973, 63.3, 0.108, 0.110
2, 2.392, 65.973, 67.2, 0.625, 1.108
1, -42.715, 42.715, 51.8, 0.067, 0.060
2, 1.320, 42.715, 72.0, 0.540, 0.676
1, 1.230, 53.482, 67.1, 0.112, 0.130
2, 2.354, 53.482, 61.3, 0.562, 0.840
1, -46.179, 46.179, 45.3, 0.066, 0.070
2, -46.179, 46.179, 51.4, 0.396, 0.600
1, 1.399, 61.220, 76.3, 0.107, 0.096
2, 3.253, 61.220, 101.1, 0.815, 1.195
1, -27.837, 27.837, 39.3, 0.042, 0.035
2, 1.229, 27.837, 67.0, 0.433, 0.467
1, 1.376, 32.196, 75.1, 0.142, 0.144
2, 3.485, 32.196, 115.0, 1.296, 1.348
1, -26.784, 26.784, 31.0, 0.034, 0.034
2, -26.784, 26.784, 41.1, 0.269, 0.298
1, 1.096, 49.880, 59.8, 0.096, 0.125
2, 1.096, 49.880, 44.9, 0.378, 0.648
1, 1.060, 45.180, 57.8, 0.082, 0.090
2, 2.162, 45.180, 60.1, 0.503, 0.653
1, -49.181, 49.181, 48.0, 0.097, 0.091
2, 1.071, 49.181, 58.4, 0.613, 0.908
1, -32.834, 32.834, 34.3, 0.042, 0.041
2, -32.834, 32.834, 44.3, 0.325, 0.384
1, -26.304, 26.304, 37.2, 0.054, 0.066
2, -26.304, 26.304, 39.9, 0.354, 0.382
1, -48.365, 48.365, 50.6, 0.082, 0.084
2, 1.053, 48.365, 57.4, 0.500, 0.712
1, -40.897, 40.897, 35.5, 0.082, 0.070
2, 1.007, 40.897, 54.9, 0.647, 0.835
1, 1.072, 46.052, 58.5, 0.094, 0.088
2, 2.458, 46.052, 75.6, 0.715, 0.881
1, -27.627, 27.627, 30.0, 0.039, 0.037
2, -27.627, 27.627, 49.4, 0.366, 0.404
1, -26.705, 26.705, 20.9, 0.036, 0.032
2, -26.705, 26.705, 38.0, 0.332, 0.382
1, -32.818, 32.818, 32.6, 0.062, 0.059
2, -32.818, 32.818, 45.0, 0.471, 0.538
1, -46.263, 46.263, 46.8, 0.079, 0.082
2, -46.263, 46.263, 52.1, 0.475, 0.672
1, 1.910, 62.063, 104.2, 0.181, 0.235
2, 3.589, 62.063, 91.6, 0.857, 1.187
1, 2.515, 47.195, 137.2, 0.397, 0.478
2, 5.271, 47.195, 150.3, 2.556, 2.716
1, -34.822, 34.822, 33.0, 0.053, 0.055
2, -34.822, 34.822, 49.4, 0.424, 0.519
1, 1.363, 62.622, 74.3, 0.144, 0.141
2, 2.894, 62.622, 83.5, 0.891, 1.305
1, 1.158, 44.412, 63.1, 0.082, 0.100
2, 2.360, 44.412, 65.6, 0.402, 0.572
1, -27.005, 27.005, 32.5, 0.083, 0.084
2, -27.005, 27.005, 43.2, 0.601, 0.639
1, 1.003, 27.485, 54.7, 0.090, 0.088
2, 2.629, 27.485, 88.7, 0.871, 0.901
1, -31.241, 31.241, 32.3, 0.057, 0.058
2, -31.241, 31.241, 42.4, 0.409, 0.464
1, -30.425, 30.425, 39.9, 0.051, 0.052
2, 1.012, 30.425, 55.2, 0.409, 0.458
1, -51.492, 51.492, 51.3, 0.111, 0.105
2, 1.201, 51.492, 65.5, 0.708, 0.980
1, -45.303, 45.303, 43.4, 0.071, 0.070
2, -45.303, 45.303, 50.6, 0.464, 0.635
1, 1.312, 41.427, 71.6, 0.124, 0.100
2, 3.596, 41.427, 124.5, 1.237, 1.360
1, -24.868, 24.868, 26.7, 0.041, 0.039
2, -24.868, 24.868, 38.6, 0.342, 0.365
1, -48.818, 48.818, 47.9, 0.088, 0.079
2, 1.170, 48.818, 63.8, 0.629, 0.876
1, -31.234, 31.234, 29.9, 0.064, 0.058
2, -31.234, 31.234, 41.4, 0.486, 0.539
1, -30.208, 30.208, 47.9, 0.063, 0.061
2, 1.197, 30.208, 65.3, 0.517, 0.559
1, 1.239, 64.408, 67.6, 0.124, 0.123
2, 2.604, 64.408, 74.5, 0.739, 1.190
1, -50.989, 50.989, 54.2, 0.067, 0.068
2, 1.165, 50.989, 63.6, 0.449, 0.668
1, 1.627, 62.334, 88.7, 0.195, 0.181
2, 3.846, 62.334, 121.0, 1.450, 1.873
1, -34.105, 34.105, 43.0, 0.079, 0.077
2, 1.114, 34.105, 60.8, 0.630, 0.700
1, 1.011, 44.807, 55.1, 0.113, 0.117
2, 2.321, 44.807, 71.5, 0.797, 0.979
1, -52.528, 52.528, 50.3, 0.090, 0.081
2, 1.167, 52.528, 63.6, 0.603, 0.889
1, -30.598, 30.598, 34.5, 0.052, 0.055
2, -30.598, 30.598, 44.3, 0.378, 0.429
1, -28.288, 28.288, 32.8, 0.048, 0.050
2, -28.288, 28.288, 51.6, 0.429, 0.470
1, 1.374, 54.737, 75.0, 0.127, 0.156
1, -28.576, 28.576, 36.9, 0.035, 0.035
2, -28.576, 28.576, 49.9, 0.287, 0.323
1, 1.329, 27.855, 72.5, 0.167, 0.170
2, 3.894, 27.855, 139.9, 2.019, 2.050
1, -33.816, 33.816, 31.1, 0.045, 0.045
2, -33.816, 33.816, 39.3, 0.321, 0.388
1, -26.017, 26.017, 30.4, 0.038, 0.034
2, -26.017, 26.017, 48.7, 0.363, 0.390
1, -47.941, 47.941, 43.7, 0.074, 0.069
2, 1.192, 47.941, 65.0, 0.555, 0.739
1, -36.272, 36.272, 35.2, 0.058, 0.057
2, -36.272, 36.272, 45.3, 0.405, 0.491
1, 1.782, 42.065, 97.2, 0.267, 0.240
2, 4.611, 42.065, 154.3, 2.468, 2.592
1, -38.215, 38.215, 46.4, 0.079, 0.084
2, 1.028, 38.215, 56.0, 0.531, 0.632
1, -37.512, 37.512, 46.2, 0.080, 0.076
2, 1.201, 37.512, 65.5, 0.639, 0.732
1, -41.913, 41.913, 40.5, 0.067, 0.064
2, -41.913, 41.913, 49.0, 0.440, 0.582
1, -42.338, 42.338, 52.2, 0.086, 0.092
2, 1.160, 42.338, 63.3, 0.575, 0.722
1, -30.013, 30.013, 33.8, 0.046, 0.042
2, -30.013, 30.013, 50.1, 0.403, 0.446
1, -30.422, 30.422, 23.3, 0.032, 0.032
2, -30.422, 30.422, 29.2, 0.216, 0.273
1, 1.071, 43.509, 58.4, 0.116, 0.106
2, 2.579, 43.509, 82.2, 0.912, 1.056
1, -27.834, 27.834, 31.8, 0.040, 0.034
2, -27.834, 27.834, 52.3, 0.397, 0.431
1, -40.272, 40.272, 43.8, 0.067, 0.073
2, -40.272, 40.272, 47.4, 0.397, 0.527
1, 1.092, 37.196, 59.6, 0.124, 0.120
2, 2.953, 37.196, 101.5, 1.205, 1.310
1, 1.362, 55.848, 74.3, 0.113, 0.104
2, 3.222, 55.848, 101.4, 0.848, 1.149
1, -26.406, 26.406, 26.5, 0.057, 0.058
2, -26.406, 26.406, 43.4, 0.497, 0.535
1, -44.498, 44.498, 46.0, 0.079, 0.064
2, 1.284, 44.498, 70.0, 0.669, 0.813
1, -31.956, 31.956, 42.0, 0.066, 0.076
2, -31.956, 31.956, 45.8, 0.424, 0.477
1, 1.751, 42.186, 95.5, 0.200, 0.246
2, 3.585, 42.186, 100.0, 1.231, 1.351
1, -57.406, 57.406, 50.0, 0.089, 0.080
2, 1.155, 57.406, 63.0, 0.595, 0.979
1, -38.483, 38.483, 47.6, 0.072, 0.088
2, -38.483, 38.483, 47.1, 0.392, 0.497
1, -32.799, 32.799, 24.4, 0.033, 0.032
2, -32.799, 32.799, 31.7, 0.235, 0.302
1, -32.929, 32.929, 42.4, 0.060, 0.057
2, 1.229, 32.929, 67.0, 0.530, 0.595
1, -28.022, 28.022, 34.2, 0.065, 0.076
2, -28.022, 28.022, 38.5, 0.413, 0.450
1, 1.527, 47.638, 83.3, 0.181, 0.214
2, 3.012, 47.638, 81.0, 0.999, 1.170
1, -39.216, 39.216, 41.7, 0.074, 0.088
2, -39.216, 39.216, 38.1, 0.339, 0.524
1, 1.077, 46.153, 58.7, 0.112, 0.113
2, 2.387, 46.153, 71.5, 0.758, 0.933
1, 1.112, 50.191, 60.7, 0.094, 0.113
2, 2.125, 50.191, 55.2, 0.485, 0.685
1, -27.591, 27.591, 36.3, 0.067, 0.087
2, -27.591, 27.591, 36.9, 0.381, 0.424
1, -37.361, 37.361, 33.1, 0.067, 0.068
2, -37.361, 37.361, 37.9, 0.387, 0.553
1, 1.067, 42.707, 58.2, 0.131, 0.110
2, 2.705, 42.707, 89.3, 1.143, 1.271
1, 1.186, 29.340, 64.7, 0.150, 0.159
2, 3.074, 29.340, 103.0, 1.431, 1.473
1, -36.718, 36.718, 39.8, 0.066, 0.073
2, -36.718, 36.718, 43.4, 0.392, 0.488
1, -30.998, 30.998, 44.4, 0.072, 0.076
2, 1.234, 30.998, 67.3, 0.617, 0.671
1, 1.713, 58.836, 93.5, 0.256, 0.209
2, 4.170, 58.836, 134.0, 2.030, 2.355
1, 2.106, 40.607, 114.9, 0.258, 0.271
2, 4.852, 40.607, 149.8, 2.079, 2.173
1, -38.590, 38.590, 32.6, 0.062, 0.055
2, -38.590, 38.590, 46.1, 0.466, 0.578
1, 1.083, 49.411, 59.0, 0.103, 0.121
2, 2.115, 49.411, 56.3, 0.520, 0.777
1, -39.745, 39.745, 47.4, 0.095, 0.099
2, 1.025, 39.745, 55.9, 0.506, 0.674
1, -29.295, 29.295, 37.1, 0.050, 0.058
2, -29.295, 29.295, 40.7, 0.327, 0.367
1, 1.373, 31.038, 74.9, 0.129, 0.130
2, 3.349, 31.038, 107.8, 1.203, 1.243
1, 1.927, 65.142, 105.1, 0.206, 0.174
2, 4.686, 65.142, 150.5, 1.695, 2.119
1, -37.951, 37.951, 39.3, 0.074, 0.072
2, -37.951, 37.951, 50.3, 0.516, 0.619
1, 1.982, 46.950, 108.1, 0.197, 0.217
2, 4.205, 46.950, 121.3, 1.354, 1.512
1, 1.746, 77.330, 95.2, 0.137, 0.154
2, 3.456, 77.330, 93.3, 0.749, 1.394
1, -42.224, 42.224, 41.7, 0.083, 0.081
2, -42.224, 42.224, 53.2, 0.533, 0.858
1, 1.322, 47.272, 72.1, 0.136, 0.118
2, 3.352, 47.272, 110.7, 1.176, 1.359
1, -33.167, 33.167, 44.0, 0.086, 0.069
2, 1.845, 33.167, 100.7, 1.012, 1.079
1, 1.906, 33.826, 104.0, 0.247, 0.238
2, 4.928, 33.826, 164.8, 2.584, 2.625
1, -37.556, 37.556, 30.7, 0.059, 0.052
2, -37.556, 37.556, 46.5, 0.431, 0.540
1, -42.649, 42.649, 47.9, 0.094, 0.107
2, -42.649, 42.649, 43.7, 0.445, 0.635
1, -46.166, 46.166, 39.9, 0.068, 0.068
2, -46.166, 46.166, 44.8, 0.410, 0.622
1, 1.291, 52.069, 70.4, 0.128, 0.112
2, 3.081, 52.069, 97.6, 1.029, 1.255
1, -48.911, 48.911, 48.1, 0.091, 0.083
2, 1.073, 48.911, 58.5, 0.579, 0.845
1, 1.127, 62.762, 61.5, 0.085, 0.088
2, 2.515, 62.762, 75.7, 0.486, 0.920
1, -24.518, 24.518, 23.0, 0.035, 0.039
2, -24.518, 24.518, 29.8, 0.253, 0.283
1, 1.304, 48.411, 71.1, 0.119, 0.133
2, 2.783, 48.411, 80.7, 0.697, 0.887
1, 1.241, 53.747, 67.7, 0.136, 0.122
2, 3.196, 53.747, 106.6, 1.133, 1.434
1, -52.996, 52.996, 51.4, 0.118, 0.103
2, 1.403, 52.996, 76.5, 0.899, 1.198
1, -46.328, 46.328, 43.8, 0.089, 0.081
2, 1.217, 46.328, 66.4, 0.702, 0.905
1, -26.391, 26.391, 33.2, 0.060, 0.064
2, -26.391, 26.391, 53.6, 0.561, 0.594
1, -23.260, 23.260, 18.6, 0.034, 0.032
2, -23.260, 23.260, 37.5, 0.339, 0.373
1, 1.991, 68.241, 108.6, 0.340, 0.296
2, 5.109, 68.241, 170.0, 2.854, 3.488
1, -36.416, 36.416, 31.4, 0.051, 0.047
2, -36.416, 36.416, 43.8, 0.391, 0.481
1, 1.178, 43.651, 64.2, 0.114, 0.122
2, 2.563, 43.651, 75.5, 0.624, 0.810
1, -56.309, 56.309, 46.0, 0.072, 0.069
2, 1.004, 56.309, 54.8, 0.441, 0.815
1, -29.681, 29.681, 37.2, 0.071, 0.053
2, 1.428, 29.681, 77.9, 0.836, 0.880
1, -39.634, 39.634, 41.6, 0.092, 0.097
2, -39.634, 39.634, 44.7, 0.508, 0.675
1, -41.362, 41.362, 35.6, 0.073, 0.068
2, -41.362, 41.362, 47.2, 0.455, 0.646
1, -44.015, 44.015, 46.3, 0.092, 0.088
2, 1.055, 44.015, 57.5, 0.638, 0.780
1, 2.817, 72.416, 153.7, 0.392, 0.382
2, 6.682, 72.416, 210.8, 3.002, 3.608
1, -47.278, 47.278, 52.8, 0.078, 0.091
2, -47.278, 47.278, 48.3, 0.387, 0.594
1, 1.821, 70.223, 99.3, 0.180, 0.158
2, 4.657, 70.223, 154.7, 1.413, 1.951
1, 1.368, 54.819, 74.6, 0.153, 0.159
2, 2.889, 54.819, 82.9, 0.937, 1.208
1, -36.527, 36.527, 36.4, 0.077, 0.077
2, -36.527, 36.527, 42.5, 0.461, 0.599
1, 1.103, 42.591, 60.2, 0.161, 0.155
2, 2.593, 42.591, 81.3, 1.180, 1.341
1, 1.518, 69.413, 82.8, 0.177, 0.181
2, 3.710, 69.413, 119.6, 1.286, 1.905
1, -25.343, 25.343, 33.6, 0.050, 0.046
2, 1.067, 25.343, 58.2, 0.508, 0.534
1, 4.390, 78.971, 239.5, 0.678, 0.812
2, 8.889, 78.971, 245.4, 3.934, 4.523
1, -49.646, 49.646, 51.8, 0.110, 0.099
1, -31.593, 31.593, 43.5, 0.084, 0.084
2, 1.116, 31.593, 60.9, 0.665, 0.719
1, 1.670, 51.947, 91.1, 0.197, 0.244
2, 3.670, 51.947, 109.1, 1.298, 1.588
1, -46.163, 46.163, 40.8, 0.065, 0.063
2, -46.163, 46.163, 49.6, 0.416, 0.629
1, -27.831, 27.831, 31.7, 0.062, 0.067
2, -27.831, 27.831, 41.8, 0.458, 0.501
1, 1.049, 28.528, 57.2, 0.090, 0.073
2, 2.913, 28.528, 101.7, 0.983, 1.017
1, 2.391, 56.097, 130.4, 0.203, 0.221
2, 4.935, 56.097, 138.8, 1.312, 1.551
1, -40.549, 40.549, 42.8, 0.083, 0.095
2, -40.549, 40.549, 45.2, 0.436, 0.687
1, -30.099, 30.099, 48.0, 0.062, 0.068
2, 1.036, 30.099, 56.5, 0.444, 0.485
1, -44.747, 44.747, 42.6, 0.068, 0.065
2, 1.225, 44.747, 66.8, 0.562, 0.749
1, -37.197, 37.197, 32.5, 0.061, 0.055
2, -37.197, 37.197, 52.5, 0.533, 0.654
1, 1.223, 45.865, 66.7, 0.121, 0.105
2, 2.910, 45.865, 92.0, 0.950, 1.109
1, -33.873, 33.873, 43.7, 0.096, 0.108
2, -33.873, 33.873, 47.5, 0.561, 0.644
1, 1.451, 64.611, 79.1, 0.169, 0.134
2, 3.686, 64.611, 121.9, 1.433, 1.861
1, -38.646, 38.646, 47.8, 0.080, 0.089
2, -38.646, 38.646, 51.8, 0.493, 0.590
1, -26.054, 26.054, 29.1, 0.057, 0.068
2, -26.054, 26.054, 40.8, 0.429, 0.467
1, 1.135, 58.508, 61.9, 0.123, 0.130
2, 2.482, 58.508, 73.4, 0.733, 1.260
1, -44.287, 44.287, 48.4, 0.092, 0.099
2, 1.036, 44.287, 56.5, 0.553, 0.786
1, 1.435, 44.350, 78.3, 0.179, 0.157
2, 3.747, 44.350, 126.1, 1.636, 1.792
1, -47.084, 47.084, 51.1, 0.084, 0.080
2, 1.179, 47.084, 64.3, 0.579, 0.784
1, -31.637, 31.637, 30.9, 0.064, 0.060
2, -31.637, 31.637, 43.1, 0.482, 0.542
1, -46.908, 46.908, 47.2, 0.080, 0.083
2, -46.908, 46.908, 52.2, 0.463, 0.690
1, 1.485, 59.385, 81.0, 0.122, 0.107
2, 3.518, 59.385, 110.9, 0.981, 1.338
1, 1.031, 50.571, 56.2, 0.075, 0.079
2, 2.167, 50.571, 61.9, 0.461, 0.684
1, 1.134, 49.756, 61.8, 0.175, 0.181
2, 2.420, 49.756, 70.1, 1.022, 1.322
1, 1.069, 50.977, 58.3, 0.128, 0.123
2, 2.613, 50.977, 84.3, 0.953, 1.322
1, -44.897, 44.897, 46.6, 0.117, 0.099
2, 1.412, 44.897, 77.0, 1.017, 1.301
1, -37.291, 37.291, 46.4, 0.075, 0.068
2, 1.186, 37.291, 64.7, 0.608, 0.693
1, -42.452, 42.452, 36.7, 0.063, 0.065
2, -42.452, 42.452, 38.9, 0.346, 0.542
1, -33.240, 33.240, 38.4, 0.084, 0.090
2, -33.240, 33.240, 54.5, 0.645, 0.731
1, 3.665, 78.721, 199.9, 0.551, 0.417
2, 9.979, 78.721, 344.4, 5.293, 5.977
1, -36.427, 36.427, 28.9, 0.052, 0.049
2, -36.427, 36.427, 49.7, 0.454, 0.579
1, -33.010, 33.010, 42.3, 0.078, 0.082
2, -33.010, 33.010, 50.1, 0.534, 0.591
1, 1.008, 33.426, 55.0, 0.074, 0.079
2, 2.209, 33.426, 65.5, 0.551, 0.613
1, 1.069, 33.111, 58.3, 0.094, 0.113
2, 2.205, 33.111, 61.9, 0.602, 0.659
1, -29.056, 29.056, 43.3, 0.071, 0.089
2, -29.056, 29.056, 42.8, 0.416, 0.454
1, 1.703, 78.743, 92.9, 0.146, 0.130
2, 3.916, 78.743, 120.7, 1.025, 1.747
1, 1.023, 49.591, 55.8, 0.127, 0.117
2, 2.795, 49.591, 96.7, 1.159, 1.435
1, 1.517, 59.526, 82.8, 0.113, 0.133
2, 2.961, 59.526, 78.7, 0.618, 0.929
1, 1.503, 43.943, 82.0, 0.129, 0.119
2, 3.644, 43.943, 116.8, 1.054, 1.207
1, -35.187, 35.187, 49.6, 0.094, 0.105
2, 1.062, 35.187, 57.9, 0.618, 0.693
1, 1.376, 65.864, 75.0, 0.163, 0.167
2, 3.225, 65.864, 100.9, 1.090, 1.737
1, -24.451, 24.451, 18.8, 0.030, 0.027
2, -24.451, 24.451, 30.5, 0.267, 0.292
1, -41.284, 41.284, 38.7, 0.080, 0.073
2, 1.092, 41.284, 59.5, 0.622, 0.819
1, -37.974, 37.974, 45.5, 0.110, 0.118
2, -37.974, 37.974, 48.3, 0.593, 0.745
1, -30.351, 30.351, 50.1, 0.063, 0.070
2, 1.064, 30.351, 58.0, 0.459, 0.503
1, -47.889, 47.889, 46.2, 0.092, 0.084
2, 1.064, 47.889, 58.0, 0.622, 0.851
1, 1.886, 61.702, 102.9, 0.248, 0.235
2, 4.832, 61.702, 160.7, 1.966, 2.392
1, 1.010, 54.694, 55.1, 0.093, 0.095
2, 2.101, 54.694, 59.5, 0.523, 0.878
1, -26.937, 26.937, 28.4, 0.052, 0.060
2, -26.937, 26.937, 30.6, 0.303, 0.348
1, 1.307, 48.256, 71.3, 0.156, 0.204
2, 2.485, 48.256, 64.3, 0.728, 1.013
1, 2.135, 43.603, 116.4, 0.199, 0.222
2, 4.493, 43.603, 128.6, 1.402, 1.527
1, 2.168, 44.838, 118.3, 0.277, 0.259
2, 5.507, 44.838, 182.1, 2.427, 2.575
1, -44.398, 44.398, 35.9, 0.070, 0.063
2, -44.398, 44.398, 45.3, 0.454, 0.682
1, -28.116, 28.116, 39.1, 0.043, 0.050
2, -28.116, 28.116, 42.7, 0.296, 0.331
1, 2.287, 56.097, 124.8, 0.286, 0.322
2, 4.629, 56.097, 127.7, 1.768, 2.002
1, -41.495, 41.495, 50.9, 0.095, 0.104
2, 1.048, 41.495, 57.2, 0.585, 0.712
1, 1.949, 67.767, 106.3, 0.199, 0.238
2, 3.851, 67.767, 103.7, 0.965, 1.411
1, -38.375, 38.375, 35.7, 0.049, 0.047
2, -38.375, 38.375, 44.4, 0.348, 0.445
1, -23.772, 23.772, 27.1, 0.052, 0.045
2, -23.772, 23.772, 53.3, 0.583, 0.606
1, -31.464, 31.464, 34.0, 0.074, 0.075
2, -31.464, 31.464, 49.1, 0.579, 0.638
1, 1.284, 61.495, 70.0, 0.125, 0.123
2, 2.938, 61.495, 90.2, 0.836, 1.237
1, -38.965, 38.965, 49.4, 0.079, 0.078
2, 1.167, 38.965, 63.6, 0.573, 0.673
1, -40.420, 40.420, 40.7, 0.072, 0.068
2, 1.067, 40.420, 58.2, 0.553, 0.682
1, -36.360, 36.360, 39.9, 0.085, 0.082
2, 1.092, 36.360, 59.6, 0.660, 0.801
1, 1.264, 41.377, 69.0, 0.159, 0.136
2, 3.223, 41.377, 106.8, 1.445, 1.559
1, 2.619, 67.537, 142.9, 0.343, 0.344
2, 5.899, 67.537, 178.9, 2.319, 2.729
1, -35.399, 35.399, 30.6, 0.052, 0.053
2, -35.399, 35.399, 36.5, 0.324, 0.438
1, 1.031, 40.739, 56.3, 0.133, 0.103
2, 2.863, 40.739, 99.9, 1.311, 1.429
1, 1.083, 49.599, 59.1, 0.128, 0.125
2, 2.463, 49.599, 75.3, 0.875, 1.119
1, -40.601, 40.601, 39.4, 0.082, 0.069
2, 1.049, 40.601, 57.2, 0.655, 0.779
1, 1.072, 37.351, 58.5, 0.125, 0.108
2, 3.218, 37.351, 117.1, 1.377, 1.478
1, 1.025, 55.715, 55.9, 0.105, 0.098
2, 2.312, 55.715, 70.2, 0.679, 1.087
1, -34.394, 34.394, 41.1, 0.067, 0.058
2, 1.378, 34.394, 75.2, 0.670, 0.749
1, -30.303, 30.303, 27.7, 0.042, 0.037
2, -30.303, 30.303, 42.0, 0.353, 0.401
1, -29.809, 29.809, 34.7, 0.040, 0.040
2, -29.809, 29.809, 44.8, 0.309, 0.352
1, -24.806, 24.806, 19.6, 0.034, 0.030
2, -24.806, 24.806, 32.4, 0.306, 0.333
1, 1.140, 32.693, 62.2, 0.080, 0.089
2, 2.667, 32.693, 83.3, 0.632, 0.693
1, 1.157, 48.214, 63.1, 0.156, 0.163
2, 2.598, 48.214, 78.6, 1.037, 1.274
1, 2.556, 65.813, 139.4, 0.284, 0.350
2, 5.253, 65.813, 147.1, 1.638, 2.103
1, -33.326, 33.326, 32.0, 0.060, 0.064
2, -33.326, 33.326, 34.7, 0.334, 0.449
1, -39.501, 39.501, 41.2, 0.097, 0.098
2, -39.501, 39.501, 47.2, 0.560, 0.752
1, -27.935, 27.935, 32.0, 0.038, 0.044
2, -27.935, 27.935, 34.4, 0.253, 0.287
1, 1.696, 57.964, 92.5, 0.225, 0.196
2, 4.138, 57.964, 133.2, 1.795, 2.076
1, -51.990, 51.990, 53.1, 0.084, 0.081
2, 1.155, 51.990, 63.0, 0.549, 0.789
1, -41.735, 41.735, 43.9, 0.092, 0.093
2, 1.030, 41.735, 56.2, 0.602, 0.808
1, -36.849, 36.849, 43.0, 0.090, 0.098
2, 1.061, 36.849, 57.9, 0.642, 0.788
1, -32.237, 32.237, 46.8, 0.093, 0.088
2, 1.628, 32.237, 88.8, 1.011, 1.080
1, 2.350, 55.994, 128.2, 0.266, 0.292
2, 5.410, 55.994, 166.9, 1.890, 2.210
1, 1.358, 52.686, 74.1, 0.168, 0.207
2, 2.872, 52.686, 82.6, 0.982, 1.291
1, -43.412, 43.412, 44.9, 0.076, 0.066
2, 1.180, 43.412, 64.4, 0.625, 0.763
1, -31.813, 31.813, 32.0, 0.048, 0.045
2, -31.813, 31.813, 47.5, 0.400, 0.458
1, -29.619, 29.619, 38.5, 0.110, 0.089
2, 1.275, 29.619, 69.5, 1.104, 1.158
1, -31.771, 31.771, 33.3, 0.043, 0.041
2, -31.771, 31.771, 47.9, 0.349, 0.406
1, -35.274, 35.274, 40.4, 0.084, 0.095
2, -35.274, 35.274, 40.3, 0.425, 0.558
1, 1.584, 29.017, 86.4, 0.183, 0.205
1, 1.391, 57.101, 75.9, 0.123, 0.131
2, 2.866, 57.101, 80.5, 0.759, 1.054
1, 1.396, 49.483, 76.2, 0.241, 0.241
2, 3.270, 49.483, 102.2, 1.719, 2.006
1, -48.472, 48.472, 51.7, 0.074, 0.072
2, 1.275, 48.472, 69.5, 0.535, 0.749
1, -43.447, 43.447, 53.9, 0.092, 0.115
2, 1.048, 43.447, 57.2, 0.527, 0.702
1, -38.860, 38.860, 37.4, 0.061, 0.067
2, -38.860, 38.860, 46.7, 0.395, 0.567
1, -32.503, 32.503, 38.3, 0.094, 0.086
2, 1.129, 32.503, 61.6, 0.830, 0.893
1, -44.140, 44.140, 49.6, 0.086, 0.076
2, 1.546, 44.140, 84.3, 0.755, 0.922
1, 1.692, 69.221, 92.3, 0.180, 0.170
2, 3.852, 69.221, 117.8, 1.230, 1.785
1, 1.237, 63.406, 67.5, 0.100, 0.087
2, 2.958, 63.406, 93.9, 0.775, 1.196
1, -29.343, 29.343, 32.8, 0.087, 0.082
2, -29.343, 29.343, 45.7, 0.670, 0.715
1, -30.766, 30.766, 27.0, 0.039, 0.037
2, -30.766, 30.766, 39.3, 0.318, 0.375
1, -27.935, 27.935, 34.4, 0.054, 0.056
2, -27.935, 27.935, 47.7, 0.426, 0.463
1, -35.479, 35.479, 37.7, 0.064, 0.075
2, -35.479, 35.479, 40.2, 0.362, 0.460
1, -27.417, 27.417, 29.5, 0.052, 0.051
2, -27.417, 27.417, 40.3, 0.408, 0.440
1, -32.819, 32.819, 52.7, 0.090, 0.093
2, 1.270, 32.819, 69.3, 0.687, 0.744
1, 1.035, 46.675, 56.5, 0.131, 0.138
2, 2.322, 46.675, 70.2, 0.824, 1.086
1, -34.102, 34.102, 34.6, 0.079, 0.078
2, -34.102, 34.102, 42.5, 0.506, 0.607
1, 1.196, 50.246, 65.2, 0.114, 0.125
2, 2.449, 50.246, 68.4, 0.667, 0.872
1, 1.068, 49.070, 58.2, 0.133, 0.129
2, 2.581, 49.070, 82.5, 0.994, 1.321
1, 1.745, 45.850, 95.2, 0.190, 0.200
2, 3.943, 45.850, 119.9, 1.383, 1.554
1, 1.010, 46.893, 55.1, 0.088, 0.083
2, 2.469, 46.893, 79.5, 0.695, 0.894
1, -31.297, 31.297, 51.3, 0.069, 0.084
2, -31.297, 31.297, 52.0, 0.437, 0.484
1, -51.083, 51.083, 51.1, 0.077, 0.071
2, 1.214, 51.083, 66.2, 0.567, 0.782
1, -23.906, 23.906, 30.2, 0.045, 0.051
2, -23.906, 23.906, 36.8, 0.322, 0.343
1, -29.547, 29.547, 27.5, 0.036, 0.036
2, -29.547, 29.547, 35.4, 0.268, 0.309
1, -34.519, 34.519, 38.3, 0.067, 0.070
2, -34.519, 34.519, 48.4, 0.464, 0.546
1, -33.260, 33.260, 32.0, 0.061, 0.063
2, -33.260, 33.260, 47.8, 0.488, 0.571
1, 1.355, 31.738, 73.9, 0.226, 0.192
2, 4.211, 31.738, 155.8, 2.791, 2.849
1, -35.571, 35.571, 41.7, 0.102, 0.116
2, -35.571, 35.571, 39.4, 0.472, 0.624
1, -25.387, 25.387, 28.2, 0.039, 0.044
2, -25.387, 25.387, 38.1, 0.306, 0.334
1, -31.812, 31.812, 37.4, 0.072, 0.085
2, -31.812, 31.812, 42.2, 0.447, 0.508
1, 2.837, 98.833, 154.8, 0.227, 0.206
2, 6.421, 98.833, 195.5, 1.588, 2.805
1, 2.222, 30.146, 121.2, 0.255, 0.301
2, 5.937, 30.146, 202.7, 2.541, 2.570
1, -34.422, 34.422, 38.3, 0.093, 0.092
2, -34.422, 34.422, 51.3, 0.625, 0.789
1, -35.214, 35.214, 47.4, 0.086, 0.102
2, -35.214, 35.214, 50.8, 0.518, 0.594
1, 1.585, 65.032, 86.4, 0.211, 0.253
2, 3.348, 65.032, 96.2, 1.175, 1.736
1, 1.272, 37.863, 69.4, 0.178, 0.166
2, 3.392, 37.863, 115.6, 1.704, 1.808
1, -33.263, 33.263, 30.1, 0.056, 0.053
2, -33.263, 33.263, 40.0, 0.412, 0.476
1, -23.422, 23.422, 29.8, 0.066, 0.063
2, -23.422, 23.422, 46.1, 0.585, 0.607
1, -37.753, 37.753, 45.8, 0.099, 0.095
2, 1.100, 37.753, 60.0, 0.734, 0.820
1, 1.613, 79.613, 88.0, 0.233, 0.269
2, 4.042, 79.613, 132.5, 1.572, 2.436
1, -32.363, 32.363, 40.6, 0.052, 0.045
2, 1.198, 32.363, 65.3, 0.476, 0.535
1, 3.138, 78.748, 171.2, 0.326, 0.263
2, 7.701, 78.748, 248.9, 2.730, 3.391
1, -32.629, 32.629, 29.0, 0.048, 0.045
2, -32.629, 32.629, 43.8, 0.388, 0.467
1, -29.393, 29.393, 39.0, 0.081, 0.077
2, 1.074, 29.393, 58.6, 0.697, 0.743
1, 1.469, 33.357, 80.2, 0.265, 0.249
2, 3.978, 33.357, 136.8, 2.613, 2.687
1, -31.099, 31.099, 26.4, 0.041, 0.044
2, -31.099, 31.099, 34.8, 0.290, 0.363
1, -43.942, 43.942, 44.9, 0.073, 0.074
2, -43.942, 43.942, 52.0, 0.479, 0.621
1, -28.442, 28.442, 33.4, 0.042, 0.050
2, -28.442, 28.442, 35.0, 0.272, 0.307
1, -34.195, 34.195, 53.9, 0.087, 0.099
2, 1.324, 34.195, 72.2, 0.672, 0.746
1, -26.549, 26.549, 32.9, 0.070, 0.086
2, -26.549, 26.549, 36.5, 0.388, 0.452
1, -26.163, 26.163, 21.9, 0.027, 0.027
2, -26.163, 26.163, 28.1, 0.197, 0.226
1, 1.573, 44.523, 85.8, 0.275, 0.217
2, 4.284, 44.523, 147.9, 2.743, 2.899
1, -41.262, 41.262, 50.0, 0.076, 0.085
2, 1.070, 41.262, 58.4, 0.492, 0.621
1, -28.139, 28.139, 39.1, 0.058, 0.076
2, -28.139, 28.139, 45.6, 0.396, 0.437
1, -28.931, 28.931, 37.8, 0.050, 0.050
2, -28.931, 28.931, 49.3, 0.388, 0.425
1, 2.020, 70.921, 110.2, 0.171, 0.207
2, 3.822, 70.921, 98.3, 0.862, 1.387
1, -44.508, 44.508, 52.3, 0.111, 0.112
2, 1.286, 44.508, 70.2, 0.789, 1.036
1, 1.471, 38.191, 80.2, 0.247, 0.271
2, 3.640, 38.191, 118.3, 2.082, 2.197
1, -34.052, 34.052, 36.7, 0.078, 0.085
2, -34.052, 34.052, 44.4, 0.509, 0.591
1, -41.421, 41.421, 37.8, 0.090, 0.080
2, 1.004, 41.421, 54.7, 0.668, 0.937
1, 3.064, 57.875, 167.1, 0.345, 0.391
2, 6.491, 57.875, 186.9, 2.286, 2.577
1, -30.741, 30.741, 26.9, 0.063, 0.062
2, -30.741, 30.741, 32.2, 0.347, 0.466
1, 1.262, 53.403, 68.9, 0.124, 0.112
2, 3.355, 53.403, 114.1, 1.010, 1.298
1, -30.320, 30.320, 46.1, 0.071, 0.072
2, 1.414, 30.320, 77.1, 0.680, 0.727
1, 1.445, 62.860, 78.8, 0.234, 0.213
2, 3.916, 62.860, 134.8, 2.028, 2.509
1, 1.117, 49.441, 60.9, 0.162, 0.145
2, 2.609, 49.441, 81.4, 1.149, 1.382
1, -40.508, 40.508, 45.1, 0.077, 0.088
2, -40.508, 40.508, 43.7, 0.407, 0.532
1, -43.675, 43.675, 42.7, 0.076, 0.069
2, 1.192, 43.675, 65.0, 0.615, 0.791
1, 1.017, 44.904, 55.5, 0.107, 0.133
2, 1.017, 44.904, 48.5, 0.474, 0.711
1, -30.823, 30.823, 37.8, 0.100, 0.102
2, 1.077, 30.823, 58.7, 0.841, 0.911
1, -34.286, 34.286, 53.6, 0.061, 0.055
2, 1.578, 34.286, 86.1, 0.563, 0.635
1, -39.437, 39.437, 40.5, 0.105, 0.105
2, -39.437, 39.437, 46.7, 0.617, 0.782
1, -39.682, 39.682, 46.5, 0.098, 0.101
2, 1.009, 39.682, 55.0, 0.624, 0.751
1, -34.373, 34.373, 48.3, 0.126, 0.137
2, 1.070, 34.373, 58.4, 0.826, 0.910
1, -30.735, 30.735, 33.4, 0.061, 0.061
2, -30.735, 30.735, 46.7, 0.473, 0.526
1, 1.114, 48.862, 60.8, 0.112, 0.131
2, 2.260, 48.862, 62.5, 0.605, 0.882
1, -37.394, 37.394, 36.1, 0.083, 0.078
2, -37.394, 37.394, 49.2, 0.563, 0.770
1, -33.630, 33.630, 37.4, 0.060, 0.057
2, -33.630, 33.630, 52.4, 0.472, 0.541
1, -32.491, 32.491, 36.3, 0.086, 0.100
2, -32.491, 32.491, 37.6, 0.418, 0.506
1, 1.190, 56.564, 64.9, 0.166, 0.142
2, 3.225, 56.564, 111.0, 1.484, 1.850
1, -37.437, 37.437, 48.8, 0.098, 0.129
2, -37.437, 37.437, 40.1, 0.403, 0.568
1, -29.221, 29.221, 31.8, 0.087, 0.087
2, -29.221, 29.221, 45.3, 0.623, 0.707
1, 2.565, 84.838, 139.9, 0.211, 0.265
2, 4.689, 84.838, 115.9, 1.018, 1.780
1, 1.546, 68.452, 84.3, 0.149, 0.149
2, 3.453, 68.452, 104.0, 0.963, 1.557
1, 1.201, 40.872, 65.5, 0.145, 0.143
2, 3.274, 40.872, 113.1, 1.321, 1.454
1, 1.394, 68.746, 76.0, 0.137, 0.128
2, 3.080, 68.746, 91.9, 0.928, 1.413
1, 1.169, 61.676, 63.8, 0.120, 0.097
2, 2.909, 61.676, 94.9, 0.959, 1.365
1, -26.867, 26.867, 31.5, 0.059, 0.070
2, -26.867, 26.867, 33.5, 0.361, 0.392
1, -34.394, 34.394, 32.8, 0.055, 0.051
2, -34.394, 34.394, 47.1, 0.437, 0.508
1, 1.114, 29.410, 60.8, 0.118, 0.103
2, 3.095, 29.410, 108.1, 1.241, 1.279
1, -24.408, 24.408, 23.4, 0.038, 0.039
2, -24.408, 24.408, 37.9, 0.347, 0.374
1, -44.638, 44.638, 43.4, 0.067, 0.066
2, -44.638, 44.638, 51.7, 0.442, 0.597
1, -38.143, 38.143, 48.1, 0.089, 0.107
2, -38.143, 38.143, 46.3, 0.472, 0.572
1, 2.298, 61.601, 125.4, 0.379, 0.370
2, 5.446, 61.601, 171.7, 2.923, 3.336
1, -29.395, 29.395, 52.8, 0.067, 0.070
2, 1.250, 29.395, 68.2, 0.540, 0.579
1, -29.532, 29.532, 38.2, 0.085, 0.086
2, 1.051, 29.532, 57.3, 0.718, 0.767
1, -35.207, 35.207, 33.0, 0.053, 0.049
2, -35.207, 35.207, 52.7, 0.434, 0.590
1, -39.936, 39.936, 52.9, 0.104, 0.124
2, 1.088, 39.936, 59.4, 0.643, 0.769
1, -25.452, 25.452, 18.5, 0.036, 0.031
2, -25.452, 25.452, 41.9, 0.406, 0.444
1, -27.910, 27.910, 28.6, 0.070, 0.074
2, -27.910, 27.910, 33.8, 0.420, 0.497
1, 1.164, 43.783, 63.5, 0.125, 0.153
2, 2.260, 43.783, 59.7, 0.648, 0.801
1, 2.043, 61.315, 111.4, 0.188, 0.155
2, 5.455, 61.315, 186.1, 1.685, 2.105
1, -37.060, 37.060, 33.5, 0.060, 0.061
2, -37.060, 37.060, 37.6, 0.355, 0.489
1, 1.574, 66.249, 85.9, 0.137, 0.138
2, 3.486, 66.249, 104.2, 0.891, 1.387
1, 4.317, 81.949, 235.5, 0.443, 0.439
2, 9.319, 81.949, 272.8, 3.134, 3.867
1, 1.342, 50.786, 73.2, 0.161, 0.171
2, 3.017, 50.786, 91.4, 1.096, 1.349
1, -24.277, 24.277, 31.3, 0.041, 0.046
2, -24.277, 24.277, 40.0, 0.309, 0.331
1, -35.489, 35.489, 41.4, 0.092, 0.081
2, 1.129, 35.489, 61.6, 0.671, 0.888
1, 1.236, 30.316, 67.4, 0.167, 0.161
2, 3.646, 30.316, 131.5, 1.966, 2.013
1, -39.917, 39.917, 43.1, 0.082, 0.077
2, 1.126, 39.917, 61.4, 0.639, 0.765
1, 1.147, 56.229, 62.6, 0.143, 0.129
2, 2.949, 56.229, 98.3, 1.191, 1.596
1, -24.842, 24.842, 24.0, 0.032, 0.034
2, -24.842, 24.842, 35.5, 0.269, 0.298
1, 2.094, 42.553, 114.2, 0.354, 0.377
2, 5.045, 42.553, 161.0, 2.898, 3.032
1, -53.990, 53.990, 45.0, 0.074, 0.074
2, -53.990, 53.990, 50.6, 0.420, 0.763
1, -55.633, 55.633, 44.8, 0.072, 0.069
2, 1.097, 55.633, 59.9, 0.423, 0.802
1, -32.706, 32.706, 31.5, 0.050, 0.049
2, -32.706, 32.706, 40.7, 0.372, 0.430
1, -30.135, 30.135, 30.7, 0.045, 0.041
2, -30.135, 30.135, 49.3, 0.408, 0.458
1, -27.549, 27.549, 21.5, 0.039, 0.037
2, -27.549, 27.549, 30.5, 0.299, 0.340
1, -25.360, 25.360, 27.0, 0.043, 0.055
2, -25.360, 25.360, 26.1, 0.230, 0.259
1, 1.384, 46.724, 75.5, 0.231, 0.260
2, 2.906, 46.724, 83.0, 1.338, 1.566
1, -30.677, 30.677, 24.8, 0.037, 0.036
2, -30.677, 30.677, 32.2, 0.256, 0.315
1, -40.281, 40.281, 42.8, 0.075, 0.072
2, -40.281, 40.281, 54.5, 0.540, 0.650
1, -27.983, 27.983, 24.7, 0.046, 0.044
2, -27.983, 27.983, 42.4, 0.430, 0.476
1, 1.623, 55.829, 88.5, 0.222, 0.206
2, 3.618, 55.829, 108.8, 1.506, 1.797
1, -31.128, 31.128, 36.8, 0.067, 0.074
2, -31.128, 31.128, 40.6, 0.413, 0.466
1, 1.337, 39.789, 72.9, 0.140, 0.165
2, 2.667, 39.789, 72.5, 0.808, 0.903
1, 2.828, 84.491, 154.2, 0.294, 0.284
2, 6.354, 84.491, 192.4, 2.005, 2.845
1, -44.029, 44.029, 47.0, 0.093, 0.102
2, -44.029, 44.029, 48.0, 0.485, 0.718
1, 1.040, 53.633, 56.7, 0.116, 0.114
2, 2.200, 53.633, 63.2, 0.690, 0.995
1, -37.067, 37.067, 52.4, 0.174, 0.170
2, 1.182, 37.067, 64.5, 1.119, 1.234
1, 1.262, 42.431, 68.8, 0.155, 0.150
2, 2.957, 42.431, 92.5, 1.178, 1.304
1, -42.249, 42.249, 47.0, 0.074, 0.077
2, 1.152, 42.249, 62.8, 0.501, 0.805
1, -41.283, 41.283, 42.7, 0.076, 0.083
2, -41.283, 41.283, 48.6, 0.447, 0.648
1, -37.569, 37.569, 37.1, 0.047, 0.050
2, -37.569, 37.569, 41.9, 0.307, 0.398
1, 1.002, 42.570, 54.6, 0.102, 0.114
2, 2.283, 42.570, 69.9, 0.707, 0.860
1, -25.946, 25.946, 25.5, 0.040, 0.037
2, -25.946, 25.946, 40.7, 0.355, 0.384
1, -34.323, 34.323, 34.3, 0.062, 0.056
2, -34.323, 34.323, 48.9, 0.493, 0.560
1, 1.010, 46.146, 55.1, 0.086, 0.108
2, 1.010, 46.146, 47.8, 0.408, 0.593
1, 1.004, 32.776, 54.7, 0.074, 0.075
2, 2.294, 32.776, 70.4, 0.585, 0.642
1, 1.113, 55.392, 60.7, 0.103, 0.101
2, 2.386, 55.392, 69.4, 0.644, 0.917
1, 1.149, 50.712, 62.7, 0.116, 0.144
2, 1.149, 50.712, 50.7, 0.512, 0.763
1, 1.504, 30.283, 82.1, 0.150, 0.126
2, 4.772, 30.283, 178.2, 1.839, 1.874
1, -42.666, 42.666, 33.0, 0.052, 0.049
2, -42.666, 42.666, 43.0, 0.351, 0.517
1, 1.646, 58.730, 89.8, 0.225, 0.223
2, 4.279, 58.730, 143.6, 1.917, 2.335
1, -35.970, 35.970, 44.7, 0.078, 0.091
2, -35.970, 35.970, 46.4, 0.464, 0.540
1, -43.088, 43.088, 38.6, 0.060, 0.062
2, -43.088, 43.088, 42.2, 0.333, 0.559
1, 1.131, 46.005, 61.7, 0.151, 0.145
2, 2.674, 46.005, 84.2, 1.121, 1.338
1, -34.074, 34.074, 35.5, 0.047, 0.050
2, -34.074, 34.074, 41.4, 0.317, 0.382
1, -26.029, 26.029, 32.0, 0.047, 0.056
2, -26.029, 26.029, 39.9, 0.337, 0.368
1, -34.038, 34.038, 35.9, 0.058, 0.052
2, 1.209, 34.038, 65.9, 0.579, 0.660
1, 1.278, 40.074, 69.7, 0.158, 0.143
2, 3.242, 40.074, 107.1, 1.398, 1.508
1, -31.195, 31.195, 32.0, 0.052, 0.050
2, -31.195, 31.195, 44.0, 0.401, 0.454
1, -49.763, 49.763, 44.9, 0.069, 0.066
2, 1.179, 49.763, 64.3, 0.508, 0.773
1, -29.546, 29.546, 39.9, 0.042, 0.041
2, 1.040, 29.546, 56.7, 0.370, 0.411
1, -61.010, 61.010, 50.6, 0.076, 0.069
2, 1.186, 61.010, 64.7, 0.533, 0.917
1, -38.965, 38.965, 39.7, 0.072, 0.069
2, -38.965, 38.965, 47.9, 0.482, 0.588
1, -47.805, 47.805, 50.8, 0.088, 0.090
2, 1.066, 47.805, 58.2, 0.530, 0.791
1, -28.805, 28.805, 42.3, 0.054, 0.064
2, -28.805, 28.805, 49.5, 0.376, 0.416
1, -45.752, 45.752, 39.2, 0.061, 0.060
2, -45.752, 45.752, 46.6, 0.368, 0.646
1, 1.049, 47.513, 57.2, 0.077, 0.069
2, 2.597, 47.513, 84.4, 0.620, 0.816
1, -62.578, 62.578, 54.2, 0.078, 0.077
2, 1.134, 62.578, 61.8, 0.469, 0.909
1, -35.861, 35.861, 37.3, 0.075, 0.084
2, -35.861, 35.861, 36.5, 0.370, 0.508
1, -52.903, 52.903, 46.1, 0.065, 0.069
2, -52.903, 52.903, 47.1, 0.354, 0.657
1, 1.351, 44.019, 73.7, 0.172, 0.172
2, 3.217, 44.019, 101.8, 1.369, 1.542
1, 1.601, 65.774, 87.3, 0.174, 0.164
2, 3.674, 65.774, 113.1, 1.184, 1.629
1, 1.605, 84.560, 87.5, 0.232, 0.270
2, 4.438, 84.560, 154.5, 1.698, 2.638
1, -42.247, 42.247, 40.6, 0.063, 0.071
2, -42.247, 42.247, 39.7, 0.313, 0.517
1, -32.783, 32.783, 29.7, 0.043, 0.043
2, -32.783, 32.783, 42.8, 0.341, 0.411
1, -37.082, 37.082, 36.5, 0.064, 0.074
2, -37.082, 37.082, 34.2, 0.286, 0.459
1, -35.884, 35.884, 33.9, 0.053, 0.056
2, -35.884, 35.884, 38.9, 0.325, 0.428
1, -32.622, 32.622, 30.4, 0.054, 0.060
2, -32.622, 32.622, 32.4, 0.297, 0.391
1, 1.511, 47.800, 82.4, 0.131, 0.137
2, 3.389, 47.800, 102.5, 0.940, 1.130
1, 1.770, 65.169, 96.6, 0.142, 0.173
2, 3.343, 65.169, 85.8, 0.746, 1.148
1, -45.561, 45.561, 35.6, 0.061, 0.055
2, -45.561, 45.561, 45.7, 0.394, 0.672
1, 1.254, 52.323, 68.4, 0.151, 0.169
2, 2.615, 52.323, 74.2, 0.797, 1.062
1, -38.843, 38.843, 35.2, 0.067, 0.063
2, 1.001, 38.843, 54.6, 0.541, 0.669
1, -38.377, 38.377, 32.8, 0.065, 0.063
2, -38.377, 38.377, 39.6, 0.402, 0.562
1, 1.203, 34.194, 65.6, 0.107, 0.098
2, 3.007, 34.194, 98.4, 0.974, 1.038
1, -30.813, 30.813, 49.7, 0.061, 0.065
2, 1.103, 30.813, 60.2, 0.448, 0.494
1, -42.454, 42.454, 50.0, 0.108, 0.094
2, 1.316, 42.454, 71.8, 0.851, 0.988
1, -49.310, 49.310, 44.5, 0.077, 0.074
2, 1.132, 49.310, 61.7, 0.498, 0.733
1, -44.608, 44.608, 40.1, 0.059, 0.058
2, 1.059, 44.608, 57.8, 0.399, 0.556
1, 3.086, 46.180, 168.3, 0.394, 0.476
2, 6.931, 46.180, 209.7, 2.935, 3.093
1, -57.501, 57.501, 53.5, 0.097, 0.101
2, 1.623, 57.501, 88.5, 0.767, 1.159
1, -38.062, 38.062, 34.7, 0.048, 0.043
2, -38.062, 38.062, 49.9, 0.380, 0.480
1, 1.198, 64.639, 65.3, 0.159, 0.161
2, 3.059, 64.639, 101.5, 1.205, 1.736
1, -49.456, 49.456, 51.0, 0.121, 0.108
2, 1.254, 49.456, 68.4, 0.826, 1.137
1, 1.057, 44.285, 57.6, 0.122, 0.135
2, 2.212, 44.285, 63.0, 0.726, 0.893
1, -37.083, 37.083, 38.4, 0.047, 0.053
2, -37.083, 37.083, 40.2, 0.290, 0.376
1, -62.170, 62.170, 53.0, 0.092, 0.074
2, 1.480, 62.170, 80.7, 0.747, 1.139
1, 1.360, 30.231, 74.2, 0.067, 0.075
2, 3.068, 30.231, 93.1, 0.495, 0.538
1, -39.190, 39.190, 34.9, 0.060, 0.057
2, -39.190, 39.190, 46.7, 0.426, 0.557
1, 1.358, 65.741, 74.1, 0.108, 0.105
2, 2.962, 65.741, 87.5, 0.701, 1.155
1, -35.305, 35.305, 33.6, 0.073, 0.069
2, -35.305, 35.305, 43.1, 0.495, 0.595
1, -56.779, 56.779, 53.8, 0.102, 0.098
2, 1.218, 56.779, 66.4, 0.646, 1.071
1, -27.027, 27.027, 21.0, 0.038, 0.034
2, -27.027, 27.027, 31.4, 0.304, 0.340
1, 1.378, 27.264, 75.2, 0.144, 0.142
2, 3.700, 27.264, 126.6, 1.623, 1.645
1, 1.052, 60.720, 57.4, 0.119, 0.125
2, 2.819, 60.720, 96.4, 0.927, 1.370
1, -25.331, 25.331, 25.7, 0.034, 0.033
2, -25.331, 25.331, 41.6, 0.318, 0.346
1, -38.353, 38.353, 37.9, 0.066, 0.069
2, -38.353, 38.353, 49.4, 0.438, 0.629
1, 3.336, 71.098, 182.0, 0.157, 0.153
2, 7.411, 71.098, 222.2, 0.995, 1.535
1, -42.502, 42.502, 33.1, 0.052, 0.051
2, -42.502, 42.502, 36.8, 0.305, 0.503
1, 2.004, 54.830, 109.3, 0.330, 0.372
2, 4.422, 54.830, 131.9, 2.223, 2.520
1, -33.630, 33.630, 27.1, 0.049, 0.045
2, -33.630, 33.630, 43.7, 0.360, 0.434
1, 1.096, 42.361, 59.8, 0.135, 0.151
2, 2.341, 42.361, 67.9, 0.839, 0.999
1, 1.068, 39.005, 58.3, 0.142, 0.128
2, 2.718, 39.005, 90.0, 1.235, 1.345
1, 1.630, 31.247, 88.9, 0.225, 0.257
2, 4.033, 31.247, 131.1, 2.022, 2.072
1, -20.625, 20.625, 17.4, 0.031, 0.028
2, -20.625, 20.625, 29.4, 0.296, 0.311
1, 1.442, 30.565, 78.6, 0.154, 0.131
2, 3.977, 30.565, 138.3, 1.753, 1.789
1, 1.393, 47.247, 76.0, 0.106, 0.112
2, 3.116, 47.247, 94.0, 0.699, 0.868
1, -40.627, 40.627, 38.0, 0.050, 0.053
2, -40.627, 40.627, 43.9, 0.317, 0.444
1, -24.800, 24.800, 22.9, 0.030, 0.026
2, -24.800, 24.800, 37.8, 0.285, 0.308
1, 1.277, 63.109, 69.7, 0.125, 0.121
2, 2.751, 63.109, 80.4, 0.814, 1.203
1, -42.684, 42.684, 36.7, 0.070, 0.060
2, 1.098, 42.684, 59.9, 0.492, 0.687
1, 2.210, 31.578, 120.5, 0.274, 0.231
2, 6.155, 31.578, 215.2, 3.103, 3.153
1, 1.050, 52.784, 57.3, 0.107, 0.089
2, 2.603, 52.784, 84.7, 0.864, 1.112
1, -30.360, 30.360, 31.2, 0.053, 0.049
2, -30.360, 30.360, 51.5, 0.484, 0.537
1, -43.174, 43.174, 44.7, 0.093, 0.092
2, 1.023, 43.174, 55.8, 0.588, 0.829
1, -31.591, 31.591, 25.7, 0.064, 0.058
2, -31.591, 31.591, 37.5, 0.457, 0.543
1, -35.976, 35.976, 52.5, 0.144, 0.164
2, 1.098, 35.976, 59.9, 0.847, 1.032
1, -35.232, 35.232, 32.1, 0.070, 0.067
2, -35.232, 35.232, 45.7, 0.517, 0.623
1, -36.692, 36.692, 30.5, 0.074, 0.063
2, -36.692, 36.692, 54.3, 0.681, 0.789
1, -36.214, 36.214, 40.1, 0.076, 0.077
2, -36.214, 36.214, 48.6, 0.503, 0.596
1, -43.186, 43.186, 34.7, 0.074, 0.064
2, -43.186, 43.186, 48.1, 0.499, 0.769
1, -28.425, 28.425, 26.9, 0.051, 0.042
2, -28.425, 28.425, 48.5, 0.506, 0.547
1, -26.724, 26.724, 26.6, 0.044, 0.036
2, -26.724, 26.724, 50.0, 0.459, 0.491
1, -31.688, 31.688, 30.3, 0.058, 0.058
2, -31.688, 31.688, 41.7, 0.428, 0.497
1, -42.508, 42.508, 40.3, 0.076, 0.080
2, -42.508, 42.508, 47.2, 0.395, 0.606
1, 1.514, 57.954, 82.6, 0.131, 0.149
2, 2.998, 57.954, 80.9, 0.737, 1.017
1, -33.599, 33.599, 42.3, 0.060, 0.073
2, -33.599, 33.599, 49.8, 0.397, 0.471
1, -33.229, 33.229, 33.1, 0.078, 0.064
2, -33.229, 33.229, 51.6, 0.663, 0.734
1, -42.849, 42.849, 47.7, 0.073, 0.062
2, 1.299, 42.849, 70.8, 0.604, 0.729
1, 2.586, 74.167, 141.1, 0.283, 0.286
2, 5.505, 74.167, 159.2, 1.889, 2.446
1, -37.662, 37.662, 35.3, 0.073, 0.059
2, 1.017, 37.662, 55.4, 0.640, 0.729
1, 1.343, 47.369, 73.2, 0.236, 0.208
2, 3.451, 47.369, 115.0, 2.047, 2.275
1, -42.316, 42.316, 53.3, 0.062, 0.069
2, 1.046, 42.316, 57.1, 0.378, 0.509
1, -30.070, 30.070, 30.1, 0.044, 0.047
2, -30.070, 30.070, 41.4, 0.312, 0.388
1, 1.199, 51.472, 65.4, 0.168, 0.151
2, 2.846, 51.472, 89.8, 1.227, 1.505
1, 1.160, 53.907, 63.3, 0.117, 0.139
2, 2.294, 53.907, 61.9, 0.581, 0.943
1, -31.980, 31.980, 33.0, 0.061, 0.057
2, 1.076, 31.980, 58.7, 0.592, 0.657
1, -39.946, 39.946, 44.2, 0.080, 0.088
2, -39.946, 39.946, 47.1, 0.457, 0.592
1, 1.964, 73.822, 107.1, 0.169, 0.153
2, 4.810, 73.822, 155.2, 1.248, 1.840
1, 2.850, 30.086, 155.4, 0.267, 0.345
2, 7.335, 30.086, 244.7, 2.709, 2.732
1, -32.877, 32.877, 47.9, 0.081, 0.102
2, -32.877, 32.877, 45.0, 0.439, 0.495
1, 1.954, 65.819, 106.6, 0.316, 0.269
2, 5.514, 65.819, 194.2, 3.035, 3.578
1, -29.639, 29.639, 22.9, 0.061, 0.049
2, -29.639, 29.639, 37.5, 0.474, 0.555
1, 1.093, 63.303, 59.6, 0.119, 0.115
2, 2.952, 63.303, 101.4, 0.952, 1.429
1, -39.254, 39.254, 43.4, 0.076, 0.079
2, 1.003, 39.254, 54.7, 0.528, 0.645
1, 3.690, 49.880, 201.3, 0.328, 0.371
2, 8.206, 49.880, 246.3, 2.437, 2.634
1, -33.258, 33.258, 29.6, 0.076, 0.072
2, -33.258, 33.258, 35.8, 0.448, 0.590
1, -34.174, 34.174, 37.9, 0.062, 0.065
2, -34.174, 34.174, 46.5, 0.426, 0.501
1, -42.486, 42.486, 35.7, 0.058, 0.058
2, -42.486, 42.486, 46.9, 0.335, 0.544
1, -31.223, 31.223, 25.5, 0.031, 0.030
2, -31.223, 31.223, 35.1, 0.237, 0.294
1, -33.772, 33.772, 37.6, 0.062, 0.061
2, -33.772, 33.772, 53.2, 0.491, 0.566
1, 1.082, 33.947, 59.0, 0.191, 0.149
2, 3.129, 33.947, 111.6, 2.053, 2.136
1, -49.135, 49.135, 46.5, 0.098, 0.092
2, 1.438, 49.135, 78.4, 0.829, 1.095
1, 1.152, 59.288, 62.8, 0.134, 0.121
2, 2.610, 59.288, 79.5, 0.895, 1.291
1, 2.015, 35.284, 109.9, 0.207, 0.183
2, 5.648, 35.284, 198.2, 2.178, 2.245
1, 1.324, 39.917, 72.2, 0.099, 0.096
2, 3.343, 39.917, 110.1, 0.837, 0.942
1, -45.231, 45.231, 47.7, 0.108, 0.094
2, 1.339, 45.231, 73.1, 0.898, 1.133
1, -29.167, 29.167, 48.1, 0.118, 0.121
2, 1.298, 29.167, 70.8, 0.997, 1.041
1, 1.096, 34.929, 59.8, 0.187, 0.186
2, 2.824, 34.929, 94.3, 1.650, 1.737
1, 1.787, 51.261, 97.5, 0.247, 0.313
2, 3.620, 51.261, 100.0, 1.391, 1.662
1, -39.422, 39.422, 40.6, 0.086, 0.082
2, -39.422, 39.422, 48.5, 0.519, 0.709
1, -35.062, 35.062, 36.5, 0.058, 0.064
2, -35.062, 35.062, 40.8, 0.352, 0.441
1, -29.894, 29.894, 32.9, 0.055, 0.057
2, -29.894, 29.894, 47.4, 0.446, 0.498
1, -27.019, 27.019, 34.8, 0.058, 0.051
2, 1.069, 27.019, 58.3, 0.582, 0.614
1, -32.845, 32.845, 27.7, 0.041, 0.043
2, -32.845, 32.845, 32.0, 0.255, 0.334
1, -32.424, 32.424, 38.5, 0.065, 0.082
2, -32.424, 32.424, 39.7, 0.369, 0.435
1, 2.153, 34.416, 117.4, 0.184, 0.189
2, 5.199, 34.416, 166.2, 1.738, 1.786
1, -43.887, 43.887, 50.7, 0.073, 0.066
2, 1.380, 43.887, 75.3, 0.590, 0.748
1, 1.200, 36.291, 65.5, 0.117, 0.115
2, 2.738, 36.291, 83.9, 0.886, 0.958
1, 1.460, 52.697, 79.6, 0.184, 0.206
2, 2.911, 52.697, 79.2, 0.985, 1.265
1, -38.342, 38.342, 43.0, 0.076, 0.081
2, -38.342, 38.342, 49.3, 0.480, 0.579
1, 1.006, 52.855, 54.9, 0.092, 0.090
2, 2.177, 52.855, 63.8, 0.591, 0.840
1, -42.906, 42.906, 48.2, 0.101, 0.115
2, 1.015, 42.906, 55.4, 0.600, 0.792
1, -37.456, 37.456, 33.8, 0.056, 0.051
2, -37.456, 37.456, 46.7, 0.425, 0.523
1, -53.468, 53.468, 49.7, 0.101, 0.094
2, 1.550, 53.468, 84.5, 0.849, 1.159
1, -30.433, 30.433, 43.2, 0.072, 0.067
2, 1.174, 30.433, 64.0, 0.632, 0.677
1, -23.352, 23.352, 24.2, 0.033, 0.034
2, -23.352, 23.352, 34.0, 0.271, 0.292
1, 1.118, 38.486, 61.0, 0.155, 0.168
2, 2.518, 38.486, 76.3, 1.083, 1.193
1, 1.691, 46.095, 92.2, 0.294, 0.286
2, 3.926, 46.095, 121.9, 2.199, 2.363
1, 1.168, 57.867, 63.7, 0.100, 0.111
2, 2.323, 57.867, 63.0, 0.519, 0.910
1, -27.109, 27.109, 26.6, 0.044, 0.046
2, -27.109, 27.109, 44.8, 0.376, 0.428
1, 1.675, 34.866, 91.4, 0.221, 0.195
2, 5.316, 34.866, 198.6, 2.909, 2.983
1, -37.152, 37.152, 6.5, 0.012, 0.011
1, -61.892, 61.892, 6.5, 0.012, 0.011
