1, -42.991, 42.991, 54.3, 0.075, 0.085
2, -42.991, 42.991, 52.7, 0.485, 0.621
1, -41.849, 41.849, 50.0, 0.069, 0.079
2, -41.849, 41.849, 48.8, 0.430, 0.560
1, -42.979, 42.979, 54.3, 0.075, 0.085
2, -42.979, 42.979, 52.7, 0.493, 0.651
1, -42.983, 42.983, 54.3, 0.075, 0.085
2, -42.983, 42.983, 52.7, 0.549, 0.701
1, -42.988, 42.988, 54.1, 0.076, 0.085
2, -42.988, 42.988, 52.7, 0.577, 0.715
1, -42.993, 42.993, 53.8, 0.076, 0.086
2, -42.993, 42.993, 52.2, 0.510, 0.631
1, -42.986, 42.986, 54.2, 0.075, 0.085
2, -42.986, 42.986, 52.4, 0.477, 0.621
1, 1.046, 44.186, 57.0, 0.082, 0.093
2, 2.062, 44.186, 55.4, 0.532, 0.672
1, -42.410, 42.410, 52.2, 0.072, 0.082
2, -42.410, 42.410, 50.8, 0.779, 0.835
1, 1.024, 43.578, 55.8, 0.079, 0.089
2, 1.024, 43.578, 54.3, 0.471, 0.619
1, -42.697, 42.697, 53.0, 0.074, 0.083
2, -42.697, 42.697, 51.4, 0.607, 0.750
1, 1.006, 43.281, 54.9, 0.077, 0.087
2, 1.006, 43.281, 53.3, 0.491, 0.641
1, -42.841, 42.841, 53.4, 0.075, 0.084
2, -42.841, 42.841, 52.0, 0.477, 0.615
1, -43.133, 43.133, 54.3, 0.076, 0.086
2, -43.133, 43.133, 52.7, 0.695, 0.780
1, 1.006, 43.281, 54.9, 0.077, 0.087
2, 1.006, 43.281, 53.2, 4.447, 4.538
1, -43.045, 43.045, 53.9, 0.076, 0.086
2, -43.045, 43.045, 52.2, 0.451, 0.599
1, -43.062, 43.062, 54.1, 0.076, 0.086
2, -43.062, 43.062, 52.5, 0.452, 0.598
1, 1.037, 43.085, 56.5, 0.077, 0.086
2, 1.037, 43.085, 52.6, 0.459, 0.603
1, -43.011, 43.011, 53.8, 0.075, 0.085
2, -43.011, 43.011, 52.1, 0.448, 0.597
1, -43.091, 43.091, 54.5, 0.076, 0.086
2, -43.091, 43.091, 52.8, 0.496, 0.641
1, 1.022, 43.121, 55.7, 0.076, 0.086
2, 1.022, 43.121, 53.9, 0.466, 0.617
1, -43.024, 43.024, 54.1, 0.076, 0.085
2, -43.024, 43.024, 52.4, 1.159, 1.220
1, 1.000, 43.129, 54.6, 0.076, 0.086
2, 1.000, 43.129, 52.9, 0.450, 0.598
1, -43.027, 43.027, 53.9, 0.076, 0.086
2, -43.027, 43.027, 52.3, 0.610, 0.748
1, -43.117, 43.117, 54.1, 0.076, 0.086
2, -43.117, 43.117, 52.5, 0.473, 0.625
1, -43.135, 43.135, 54.2, 0.076, 0.087
2, -43.135, 43.135, 52.6, 0.478, 0.630
1, 1.022, 43.192, 55.7, 0.077, 0.087
2, 1.022, 43.192, 53.9, 0.469, 0.622
1, -43.168, 43.168, 54.5, 0.076, 0.086
2, -43.168, 43.168, 52.7, 0.467, 0.623
1, 1.009, 43.238, 55.1, 0.077, 0.087
2, 1.009, 43.238, 53.3, 0.460, 0.611
1, -43.190, 43.190, 53.9, 0.077, 0.087
2, -43.190, 43.190, 52.4, 0.475, 0.607
1, -43.263, 43.263, 54.3, 0.077, 0.087
2, -43.263, 43.263, 52.6, 0.464, 0.615
1, -43.240, 43.240, 54.1, 0.077, 0.087
2, -43.240, 43.240, 53.2, 0.458, 0.605
1, 1.010, 43.261, 55.1, 0.077, 0.087
2, 1.010, 43.261, 53.6, 0.554, 0.703
1, -43.134, 43.134, 54.2, 0.076, 0.086
2, -43.134, 43.134, 52.5, 0.469, 0.616
1, -43.241, 43.241, 54.1, 0.077, 0.087
2, -43.241, 43.241, 52.5, 0.454, 0.606
1, -43.261, 43.261, 54.4, 0.077, 0.087
2, -43.261, 43.261, 52.5, 0.474, 0.611
1, -43.303, 43.303, 54.5, 0.077, 0.087
2, -43.303, 43.303, 52.7, 0.513, 0.636
1, 1.003, 43.388, 54.7, 0.078, 0.088
2, 1.003, 43.388, 53.0, 0.484, 0.637
1, -43.357, 43.357, 54.5, 0.077, 0.088
2, -43.357, 43.357, 52.5, 0.458, 0.604
1, 1.007, 43.469, 54.9, 0.078, 0.088
2, 1.007, 43.469, 53.1, 0.465, 0.623
1, 1.005, 43.388, 54.8, 0.077, 0.088
2, 1.005, 43.388, 52.6, 0.545, 0.696
1, -43.222, 43.222, 54.1, 0.077, 0.087
2, -43.222, 43.222, 52.4, 0.557, 0.675
1, -43.332, 43.332, 54.5, 0.077, 0.088
2, -43.332, 43.332, 52.7, 0.712, 0.792
1, 1.001, 43.345, 54.6, 0.077, 0.088
2, 1.001, 43.345, 52.8, 0.469, 0.621
1, -43.267, 43.267, 54.2, 0.077, 0.087
2, -43.267, 43.267, 52.5, 0.516, 0.663
1, 1.007, 43.353, 54.9, 0.077, 0.088
2, 1.007, 43.353, 52.8, 0.480, 0.612
1, -43.269, 43.269, 54.3, 0.077, 0.087
2, -43.269, 43.269, 52.6, 0.531, 0.645
1, 1.012, 43.336, 55.2, 0.077, 0.087
2, 1.012, 43.336, 53.4, 0.465, 0.621
1, -43.279, 43.279, 54.3, 0.077, 0.087
2, -43.279, 43.279, 52.5, 0.540, 0.687
1, 1.000, 43.339, 54.6, 0.077, 0.088
2, 1.000, 43.339, 52.7, 0.800, 0.863
1, -43.282, 43.282, 54.3, 0.077, 0.087
2, -43.282, 43.282, 52.5, 0.500, 0.650
1, 1.001, 43.341, 54.6, 0.077, 0.088
2, 1.001, 43.341, 52.8, 0.458, 0.608
1, -43.285, 43.285, 54.3, 0.077, 0.087
2, -43.285, 43.285, 52.6, 0.463, 0.614
1, 1.005, 43.344, 54.8, 0.077, 0.088
2, 1.005, 43.344, 53.3, 0.474, 0.608
1, 1.001, 43.288, 54.6, 0.077, 0.087
2, 1.001, 43.288, 52.6, 0.454, 0.607
1, 1.007, 43.345, 54.9, 0.077, 0.088
2, 1.007, 43.345, 52.8, 0.471, 0.621
1, -43.330, 43.330, 54.4, 0.077, 0.088
2, -43.330, 43.330, 52.7, 1.229, 1.291
1, -43.321, 43.321, 54.4, 0.077, 0.088
2, -43.321, 43.321, 52.6, 0.957, 1.093
1, -43.320, 43.320, 54.4, 0.077, 0.087
2, -43.320, 43.320, 52.7, 0.466, 0.619
1, -43.318, 43.318, 54.5, 0.077, 0.088
2, -43.318, 43.318, 52.6, 0.453, 0.602
1, -43.313, 43.313, 54.5, 0.077, 0.087
2, -43.313, 43.313, 52.6, 0.487, 0.647
1, -43.308, 43.308, 54.5, 0.077, 0.087
2, -43.308, 43.308, 52.6, 0.479, 0.616
1, -43.317, 43.317, 54.4, 0.077, 0.087
2, -43.317, 43.317, 52.7, 0.460, 0.616
1, 1.012, 43.341, 55.2, 0.077, 0.088
2, 1.012, 43.341, 53.1, 0.623, 0.720
1, -43.320, 43.320, 54.2, 0.077, 0.087
2, -43.320, 43.320, 52.4, 0.472, 0.612
1, -43.338, 43.338, 54.5, 0.077, 0.088
2, -43.338, 43.338, 52.7, 0.456, 0.608
1, -43.344, 43.344, 54.4, 0.077, 0.088
2, -43.344, 43.344, 53.1, 0.469, 0.627
1, -43.350, 43.350, 54.5, 0.077, 0.088
2, -43.350, 43.350, 52.7, 0.647, 0.824
1, 1.000, 43.360, 54.5, 0.077, 0.088
2, 1.000, 43.360, 53.1, 0.472, 0.623
1, -43.330, 43.330, 54.5, 0.077, 0.088
2, -43.330, 43.330, 52.7, 1.835, 1.909
1, 1.001, 43.362, 54.6, 0.077, 0.088
2, 1.001, 43.362, 52.8, 0.465, 0.613
1, 1.011, 43.331, 55.1, 0.077, 0.088
2, 1.011, 43.331, 53.0, 0.458, 0.605
1, 1.004, 43.354, 54.8, 0.077, 0.088
2, 1.004, 43.354, 52.7, 0.578, 0.683
1, 1.010, 43.350, 55.1, 0.077, 0.088
2, 1.010, 43.350, 53.0, 0.458, 0.609
1, 1.001, 43.347, 54.6, 0.077, 0.088
2, 1.001, 43.347, 52.7, 0.545, 0.674
1, 1.002, 43.343, 54.6, 0.077, 0.088
2, 1.002, 43.343, 53.1, 0.476, 0.634
1, -43.343, 43.343, 54.5, 0.077, 0.088
2, -43.343, 43.343, 53.0, 0.492, 0.621
1, -43.339, 43.339, 54.4, 0.077, 0.088
2, -43.339, 43.339, 52.7, 0.453, 0.603
1, -43.344, 43.344, 54.5, 0.077, 0.088
2, -43.344, 43.344, 52.7, 0.464, 0.616
1, 1.004, 43.338, 54.8, 0.077, 0.088
2, 1.004, 43.338, 53.3, 1.156, 1.188
1, 1.001, 43.342, 54.6, 0.077, 0.088
2, 1.001, 43.342, 53.0, 0.460, 0.603
1, -43.348, 43.348, 54.5, 0.077, 0.088
2, -43.348, 43.348, 52.7, 0.520, 0.652
1, -43.344, 43.344, 54.5, 0.077, 0.088
2, -43.344, 43.344, 52.7, 0.614, 0.738
1, -43.350, 43.350, 54.4, 0.077, 0.088
2, -43.350, 43.350, 52.7, 0.518, 0.669
1, 1.001, 43.356, 54.6, 0.077, 0.088
2, 1.001, 43.356, 52.8, 0.496, 0.654
1, 1.006, 43.343, 54.9, 0.077, 0.088
2, 1.006, 43.343, 53.3, 0.611, 0.751
1, -43.353, 43.353, 54.5, 0.077, 0.088
2, -43.353, 43.353, 52.7, 0.649, 0.793
1, 1.004, 43.352, 54.8, 0.077, 0.088
2, 1.004, 43.352, 52.7, 0.456, 0.607
1, -43.351, 43.351, 54.4, 0.077, 0.088
2, -43.351, 43.351, 52.7, 0.465, 0.611
1, -43.350, 43.350, 54.4, 0.077, 0.088
2, -43.350, 43.350, 52.7, 0.472, 0.624
1, -43.350, 43.350, 54.4, 0.077, 0.088
2, -43.350, 43.350, 52.7, 0.533, 0.655
1, -43.348, 43.348, 54.4, 0.077, 0.088
2, -43.348, 43.348, 52.7, 0.769, 0.835
1, 1.001, 43.351, 54.6, 0.077, 0.088
2, 1.001, 43.351, 52.7, 0.513, 0.669
1, -43.351, 43.351, 54.5, 0.077, 0.088
2, -43.351, 43.351, 52.7, 0.493, 0.620
1, 1.001, 43.356, 54.6, 0.077, 0.088
2, 1.001, 43.356, 52.7, 0.459, 0.604
1, 1.012, 43.350, 55.2, 0.077, 0.088
2, 1.012, 43.350, 53.1, 0.455, 0.608
1, 1.000, 43.355, 54.6, 0.077, 0.088
2, 1.000, 43.355, 52.7, 0.494, 0.621
1, -43.354, 43.354, 54.5, 0.077, 0.088
2, -43.354, 43.354, 53.0, 0.481, 0.639
1, 1.013, 43.354, 55.2, 0.077, 0.088
2, 1.013, 43.354, 53.1, 1.180, 1.312
1, -43.354, 43.354, 54.5, 0.077, 0.088
2, -43.354, 43.354, 52.7, 0.465, 0.621
1, 1.000, 43.354, 54.6, 0.077, 0.088
2, 1.000, 43.354, 52.7, 0.454, 0.602
1, -43.353, 43.353, 54.4, 0.077, 0.088
2, -43.353, 43.353, 52.7, 0.471, 0.629
1, -43.355, 43.355, 54.4, 0.077, 0.088
2, -43.355, 43.355, 52.8, 0.532, 0.659
1, 1.009, 43.353, 55.0, 0.077, 0.088
2, 1.009, 43.353, 52.9, 0.496, 0.655
1, -43.355, 43.355, 54.4, 0.077, 0.088
2, -43.355, 43.355, 52.7, 0.460, 0.615
1, -43.355, 43.355, 54.4, 0.077, 0.088
2, -43.355, 43.355, 52.7, 0.598, 0.692
1, 1.002, 43.357, 54.7, 0.077, 0.088
2, 1.002, 43.357, 52.7, 0.466, 0.623
1, -43.354, 43.354, 54.4, 0.077, 0.088
2, -43.354, 43.354, 52.7, 0.475, 0.630
1, -43.356, 43.356, 54.4, 0.077, 0.088
2, -43.356, 43.356, 52.7, 0.460, 0.615
1, -43.357, 43.357, 54.4, 0.077, 0.088
2, -43.357, 43.357, 52.7, 0.466, 0.624
1, -43.359, 43.359, 54.4, 0.077, 0.088
2, -43.359, 43.359, 52.7, 0.471, 0.629
1, 1.013, 43.358, 55.3, 0.077, 0.088
2, 1.013, 43.358, 53.2, 0.479, 0.626
1, -43.355, 43.355, 54.4, 0.077, 0.088
2, -43.355, 43.355, 53.3, 0.463, 0.613
1, 1.005, 43.358, 54.8, 0.077, 0.088
2, 1.005, 43.358, 52.7, 0.568, 0.678
1, -43.355, 43.355, 54.5, 0.077, 0.088
2, -43.355, 43.355, 52.7, 0.475, 0.615
1, 1.002, 43.358, 54.6, 0.077, 0.088
2, 1.002, 43.358, 52.7, 0.464, 0.616
1, -43.356, 43.356, 54.4, 0.077, 0.088
2, -43.356, 43.356, 52.7, 0.701, 0.777
1, 1.010, 43.358, 55.1, 0.077, 0.088
2, 1.010, 43.358, 53.2, 0.455, 0.609
1, -43.356, 43.356, 54.4, 0.077, 0.088
2, -43.356, 43.356, 52.7, 0.490, 0.647
1, 1.013, 43.358, 55.2, 0.077, 0.088
2, 1.013, 43.358, 53.2, 0.478, 0.626
1, 1.003, 43.356, 54.7, 0.077, 0.088
2, 1.003, 43.356, 52.7, 0.803, 0.842
1, -43.358, 43.358, 54.4, 0.077, 0.088
2, -43.358, 43.358, 52.7, 0.456, 0.603
1, 1.007, 43.358, 54.9, 0.077, 0.088
2, 1.007, 43.358, 52.8, 0.474, 0.612
1, -43.357, 43.357, 54.4, 0.077, 0.088
2, -43.357, 43.357, 53.1, 0.459, 0.610
1, 1.010, 43.357, 55.1, 0.077, 0.088
2, 1.010, 43.357, 52.9, 0.466, 0.609
1, 1.004, 43.357, 54.8, 0.077, 0.088
2, 1.004, 43.357, 52.7, 0.483, 0.630
1, -43.357, 43.357, 54.4, 0.077, 0.088
2, -43.357, 43.357, 52.7, 2.384, 2.333
1, 1.001, 43.358, 54.6, 0.077, 0.088
2, 1.001, 43.358, 52.7, 0.500, 0.627
1, -43.358, 43.358, 54.4, 0.077, 0.088
2, -43.358, 43.358, 52.7, 0.469, 0.618
1, -43.358, 43.358, 54.5, 0.077, 0.088
2, -43.358, 43.358, 52.7, 1.757, 1.777
1, -43.358, 43.358, 54.5, 0.077, 0.088
2, -43.358, 43.358, 52.8, 0.493, 0.645
1, 1.013, 43.359, 55.2, 0.077, 0.088
2, 1.013, 43.359, 53.5, 0.457, 0.609
1, -43.358, 43.358, 54.5, 0.077, 0.088
2, -43.358, 43.358, 52.7, 0.490, 0.631
1, -43.359, 43.359, 54.4, 0.077, 0.088
2, -43.359, 43.359, 52.7, 0.454, 0.605
1, 1.003, 43.360, 54.7, 0.077, 0.088
2, 1.003, 43.360, 52.7, 0.477, 0.632
1, 1.001, 43.359, 54.6, 0.077, 0.088
2, 1.001, 43.359, 52.7, 0.500, 0.661
1, 1.009, 43.358, 55.0, 0.077, 0.088
2, 1.009, 43.358, 52.9, 0.456, 0.609
1, 1.005, 43.359, 54.8, 0.077, 0.088
2, 1.005, 43.359, 52.7, 0.465, 0.613
1, -43.359, 43.359, 54.5, 0.077, 0.088
2, -43.359, 43.359, 52.7, 0.468, 0.624
1, 1.013, 43.358, 55.2, 0.077, 0.088
2, 1.013, 43.358, 53.1, 0.489, 0.622
1, 1.007, 43.358, 54.9, 0.077, 0.088
2, 1.007, 43.358, 52.8, 0.453, 0.604
1, 1.009, 43.358, 55.0, 0.077, 0.088
2, 1.009, 43.358, 52.9, 0.538, 0.654
1, -43.358, 43.358, 54.5, 0.077, 0.088
2, -43.358, 43.358, 52.8, 0.653, 0.739
1, 1.001, 43.359, 54.6, 0.077, 0.088
2, 1.001, 43.359, 52.7, 0.470, 0.627
1, -43.359, 43.359, 54.4, 0.077, 0.088
2, -43.359, 43.359, 53.1, 0.547, 0.696
1, 1.003, 43.359, 54.7, 0.077, 0.088
2, 1.003, 43.359, 52.7, 0.462, 0.616
1, -43.359, 43.359, 54.5, 0.077, 0.088
2, -43.359, 43.359, 52.9, 0.538, 0.685
1, -43.359, 43.359, 54.4, 0.077, 0.088
2, -43.359, 43.359, 52.7, 0.471, 0.610
1, -43.359, 43.359, 54.4, 0.077, 0.088
2, -43.359, 43.359, 52.7, 0.471, 0.607
1, -43.359, 43.359, 54.5, 0.077, 0.088
2, -43.359, 43.359, 52.7, 0.456, 0.604
1, -43.360, 43.360, 54.5, 0.077, 0.088
2, -43.360, 43.360, 52.9, 0.487, 0.645
1, -43.360, 43.360, 54.4, 0.077, 0.088
2, -43.360, 43.360, 52.7, 118.984, 122.657
1, 1.003, 43.360, 54.7, 0.077, 0.088
2, 1.003, 43.360, 52.7, 0.492, 0.624
1, -43.359, 43.359, 54.4, 0.077, 0.088
2, -43.359, 43.359, 52.7, 1.080, 1.195
1, -43.359, 43.359, 54.4, 0.077, 0.088
2, -43.359, 43.359, 52.7, 0.456, 0.603
1, -43.360, 43.360, 54.4, 0.077, 0.088
2, -43.360, 43.360, 52.7, 0.460, 0.614
1, 1.007, 43.360, 54.9, 0.077, 0.088
2, 1.007, 43.360, 53.4, 0.519, 0.643
1, -43.359, 43.359, 54.5, 0.077, 0.088
2, -43.359, 43.359, 52.7, 0.465, 0.622
1, 1.004, 43.360, 54.8, 0.077, 0.088
2, 1.004, 43.360, 52.7, 0.486, 0.644
1, -43.359, 43.359, 54.5, 0.077, 0.088
2, -43.359, 43.359, 52.7, 0.610, 0.710
1, 1.013, 43.360, 55.3, 0.077, 0.088
2, 1.013, 43.360, 53.1, 0.474, 0.610
1, 1.000, 43.359, 54.6, 0.077, 0.088
2, 1.000, 43.359, 52.8, 0.860, 0.995
1, 1.002, 43.360, 54.6, 0.077, 0.088
2, 1.002, 43.360, 52.7, 0.463, 0.619
1, -43.360, 43.360, 54.4, 0.077, 0.088
2, -43.360, 43.360, 52.7, 0.483, 0.642
1, -43.360, 43.360, 54.5, 0.077, 0.088
2, -43.360, 43.360, 52.7, 0.465, 0.604
1, 1.001, 43.360, 54.6, 0.077, 0.088
2, 1.001, 43.360, 52.8, 0.504, 0.632
1, 1.007, 43.360, 54.9, 0.077, 0.088
2, 1.007, 43.360, 52.8, 0.628, 0.721
1, -43.359, 43.359, 54.5, 0.077, 0.088
2, -43.359, 43.359, 52.7, 0.456, 0.602
1, -43.360, 43.360, 54.4, 0.077, 0.088
2, -43.360, 43.360, 52.7, 0.514, 0.641
1, -43.360, 43.360, 54.5, 0.077, 0.088
2, -43.360, 43.360, 52.8, 0.460, 0.612
1, -43.360, 43.360, 54.5, 0.077, 0.088
2, -43.360, 43.360, 52.7, 0.592, 0.742
1, -43.360, 43.360, 54.4, 0.077, 0.088
2, -43.360, 43.360, 52.7, 0.563, 0.672
1, 1.001, 43.361, 54.6, 0.077, 0.088
2, 1.001, 43.361, 53.4, 0.554, 0.700
1, -43.360, 43.360, 54.5, 0.077, 0.088
2, -43.360, 43.360, 52.7, 0.458, 0.613
1, -43.360, 43.360, 54.4, 0.077, 0.088
2, -43.360, 43.360, 52.7, 0.458, 0.609
1, -43.361, 43.361, 54.5, 0.077, 0.088
2, -43.361, 43.361, 52.7, 0.712, 0.808
1, -43.361, 43.361, 54.4, 0.077, 0.088
2, -43.361, 43.361, 52.7, 0.470, 0.628
1, 1.001, 43.361, 54.6, 0.077, 0.088
2, 1.001, 43.361, 52.8, 1.461, 1.480
1, 1.000, 43.360, 54.5, 0.077, 0.088
2, 1.000, 43.360, 52.7, 0.482, 0.641
1, -43.361, 43.361, 54.4, 0.077, 0.088
2, -43.361, 43.361, 52.7, 0.470, 0.627
1, 1.001, 43.361, 54.6, 0.077, 0.088
2, 1.001, 43.361, 52.7, 0.606, 0.726
1, -43.361, 43.361, 54.5, 0.077, 0.088
2, -43.361, 43.361, 52.8, 0.499, 0.631
1, -43.360, 43.360, 54.5, 0.077, 0.088
2, -43.360, 43.360, 52.8, 0.459, 0.613
1, 1.000, 43.361, 54.6, 0.077, 0.088
2, 1.000, 43.361, 52.7, 0.453, 0.604
1, -43.360, 43.360, 54.5, 0.077, 0.088
2, -43.360, 43.360, 52.8, 0.476, 0.624
1, 1.001, 43.361, 54.6, 0.077, 0.088
2, 1.001, 43.361, 53.1, 0.458, 0.602
1, -43.360, 43.360, 54.5, 0.077, 0.088
2, -43.360, 43.360, 53.3, 0.456, 0.610
1, -43.361, 43.361, 54.4, 0.077, 0.088
2, -43.361, 43.361, 52.7, 0.459, 0.601
1, -43.361, 43.361, 54.5, 0.077, 0.088
2, -43.361, 43.361, 52.7, 0.477, 0.627
1, 1.003, 43.361, 54.7, 0.077, 0.088
2, 1.003, 43.361, 52.7, 0.457, 0.611
1, -43.361, 43.361, 54.5, 0.077, 0.088
2, -43.361, 43.361, 52.8, 0.461, 0.615
1, 1.006, 43.361, 54.9, 0.077, 0.088
2, 1.006, 43.361, 52.8, 0.454, 0.604
1, 1.013, 43.361, 55.2, 0.077, 0.088
2, 1.013, 43.361, 53.1, 0.465, 0.603
1, -43.361, 43.361, 54.4, 0.077, 0.088
2, -43.361, 43.361, 52.7, 2.923, 3.056
1, -43.361, 43.361, 54.5, 0.077, 0.088
2, -43.361, 43.361, 52.8, 0.468, 0.610
1, -43.361, 43.361, 54.5, 0.077, 0.088
2, -43.361, 43.361, 52.7, 0.572, 0.690
1, 1.007, 43.361, 54.9, 0.077, 0.088
2, 1.007, 43.361, 52.8, 0.485, 0.618
1, -43.361, 43.361, 54.5, 0.077, 0.088
2, -43.361, 43.361, 53.1, 0.594, 0.719
1, -43.361, 43.361, 54.5, 0.077, 0.088
2, -43.361, 43.361, 52.8, 0.542, 0.656
1, 1.006, 43.361, 54.8, 0.077, 0.088
2, 1.006, 43.361, 52.8, 0.654, 0.805
1, -43.361, 43.361, 54.5, 0.077, 0.088
2, -43.361, 43.361, 52.7, 0.464, 0.606
1, -43.361, 43.361, 54.5, 0.077, 0.088
2, -43.361, 43.361, 52.7, 0.454, 0.603
1, -43.361, 43.361, 54.4, 0.077, 0.088
2, -43.361, 43.361, 52.7, 0.456, 0.604
1, -43.361, 43.361, 54.4, 0.077, 0.088
2, -43.361, 43.361, 52.7, 0.513, 0.639
1, -43.361, 43.361, 54.5, 0.077, 0.088
2, -43.361, 43.361, 52.8, 0.551, 0.661
1, 1.005, 43.361, 54.8, 0.077, 0.088
2, 1.005, 43.361, 52.7, 0.466, 0.608
1, -43.361, 43.361, 54.5, 0.077, 0.088
1, 1.020, 43.162, 55.6, 0.068, 0.082
2, 1.020, 43.162, 50.0, 0.389, 0.546
