1, -63.058, 63.058, 53.1, 0.000, 0.000
2, -63.058, 63.058, 53.7, 0.000, 0.000
3, 0.976, 63.058, 0.976
1, -62.716, 62.716, 52.3, 0.000, 0.000
2, -62.716, 62.716, 52.9, 0.000, 0.000
3, -62.716, 62.716, 1.015
1, -61.953, 61.953, 52.0, 0.000, 0.000
2, -61.953, 61.953, 52.5, 0.000, 0.000
3, 0.999, 61.953, 0.999
1, -63.048, 63.048, 53.0, 0.000, 0.000
2, 1.037, 63.048, 56.6, 0.000, 0.000
3, 2.007, 63.048, 0.970
1, -63.062, 63.062, 53.5, 0.000, 0.000
2, 1.025, 63.062, 55.9, 0.000, 0.000
3, 1.995, 63.062, 0.970
1, -63.068, 63.068, 53.1, 0.000, 0.000
2, 1.033, 63.068, 56.4, 0.000, 0.000
3, 2.011, 63.068, 0.977
1, -62.533, 62.533, 52.6, 0.000, 0.000
2, 1.033, 62.533, 56.3, 0.000, 0.000
3, 2.025, 62.533, 0.992
1, -62.903, 62.903, 52.9, 0.000, 0.000
2, -62.903, 62.903, 54.2, 0.000, 0.000
3, 0.982, 62.903, 0.982
1, -62.418, 62.418, 52.4, 0.000, 0.000
2, 1.046, 62.418, 57.0, 0.000, 0.000
3, 1.046, 62.418, 1.004
1, -62.148, 62.148, 51.5, 0.000, 0.000
2, 1.039, 62.148, 56.7, 0.000, 0.000
3, 1.039, 62.148, 1.020
1, -62.680, 62.680, 52.2, 0.000, 0.000
2, -62.680, 62.680, 53.0, 0.000, 0.000
3, 0.991, 62.680, 0.991
1, -63.168, 63.168, 53.4, 0.000, 0.000
2, 1.032, 63.168, 56.3, 0.000, 0.000
3, 1.995, 63.168, 0.962
1, -62.405, 62.405, 52.2, 0.000, 0.000
2, -62.405, 62.405, 52.7, 0.000, 0.000
3, -62.405, 62.405, 1.006
1, -63.590, 63.590, 53.0, 0.000, 0.000
2, 1.045, 63.590, 57.0, 0.000, 0.000
3, 2.030, 63.590, 0.985
1, -62.344, 62.344, 52.2, 0.000, 0.000
2, -62.344, 62.344, 52.8, 0.000, 0.000
3, 0.997, 62.344, 0.997
1, -63.162, 63.162, 52.8, 0.000, 0.000
2, 1.042, 63.162, 56.8, 0.000, 0.000
3, 2.031, 63.162, 0.989
1, -62.543, 62.543, 52.3, 0.000, 0.000
2, -62.543, 62.543, 52.9, 0.000, 0.000
3, 0.994, 62.543, 0.994
1, -62.956, 62.956, 52.6, 0.000, 0.000
2, 1.024, 62.956, 55.8, 0.000, 0.000
3, 2.012, 62.956, 0.988
1, -62.648, 62.648, 52.4, 0.000, 0.000
2, -62.648, 62.648, 52.9, 0.000, 0.000
3, 0.995, 62.648, 0.995
1, -62.563, 62.563, 52.1, 0.000, 0.000
2, -62.563, 62.563, 52.8, 0.000, 0.000
3, -62.563, 62.563, 1.009
1, -62.886, 62.886, 52.7, 0.000, 0.000
2, -62.886, 62.886, 53.1, 0.000, 0.000
3, 0.995, 62.886, 0.995
1, -62.810, 62.810, 52.6, 0.000, 0.000
2, 1.042, 62.810, 56.8, 0.000, 0.000
3, 2.040, 62.810, 0.998
1, -62.697, 62.697, 54.5, 0.000, 0.000
2, 1.024, 62.697, 55.9, 0.000, 0.000
3, 1.024, 62.697, 1.003
1, -62.628, 62.628, 52.4, 0.000, 0.000
2, -62.628, 62.628, 52.8, 0.000, 0.000
3, -62.628, 62.628, 1.005
1, -62.591, 62.591, 52.0, 0.000, 0.000
2, -62.591, 62.591, 52.9, 0.000, 0.000
3, -62.591, 62.591, 1.013
1, -62.658, 62.658, 52.2, 0.000, 0.000
2, -62.658, 62.658, 52.4, 0.000, 0.000
3, -62.658, 62.658, 1.013
1, -62.372, 62.372, 53.4, 0.000, 0.000
2, -62.372, 62.372, 52.6, 0.000, 0.000
3, -62.372, 62.372, 1.027
1, -62.502, 62.502, 52.0, 0.000, 0.000
2, -62.502, 62.502, 52.8, 0.000, 0.000
3, -62.502, 62.502, 1.018
1, -62.763, 62.763, 54.4, 0.000, 0.000
2, 1.051, 62.763, 57.3, 0.000, 0.000
3, 1.051, 62.763, 1.004
1, -62.562, 62.562, 52.1, 0.000, 0.000
2, -62.562, 62.562, 52.7, 0.000, 0.000
3, -62.562, 62.562, 1.015
1, -62.693, 62.693, 52.3, 0.000, 0.000
2, 1.050, 62.693, 57.3, 0.000, 0.000
3, 1.050, 62.693, 1.006
1, -62.602, 62.602, 52.1, 0.000, 0.000
2, 1.026, 62.602, 56.0, 0.000, 0.000
3, 1.026, 62.602, 1.013
1, -62.682, 62.682, 52.2, 0.000, 0.000
2, 1.027, 62.682, 56.0, 0.000, 0.000
3, 1.027, 62.682, 1.013
1, -62.672, 62.672, 52.4, 0.000, 0.000
2, -62.672, 62.672, 52.8, 0.000, 0.000
3, -62.672, 62.672, 1.008
1, -62.657, 62.657, 52.1, 0.000, 0.000
2, -62.657, 62.657, 52.9, 0.000, 0.000
3, -62.657, 62.657, 1.014
1, -62.639, 62.639, 52.2, 0.000, 0.000
2, -62.639, 62.639, 52.8, 0.000, 0.000
3, -62.639, 62.639, 1.013
1, -62.639, 62.639, 52.2, 0.000, 0.000
2, 1.039, 62.639, 56.7, 0.000, 0.000
3, 1.039, 62.639, 1.014
1, -62.709, 62.709, 52.2, 0.000, 0.000
2, -62.709, 62.709, 52.9, 0.000, 0.000
3, -62.709, 62.709, 1.011
1, -62.673, 62.673, 52.1, 0.000, 0.000
2, -62.673, 62.673, 52.8, 0.000, 0.000
3, -62.673, 62.673, 1.012
1, -62.734, 62.734, 52.2, 0.000, 0.000
2, -62.734, 62.734, 52.8, 0.000, 0.000
3, -62.734, 62.734, 1.012
1, -62.777, 62.777, 52.4, 0.000, 0.000
2, 1.008, 62.777, 55.0, 0.000, 0.000
3, 1.008, 62.777, 1.008
1, -62.741, 62.741, 53.8, 0.000, 0.000
2, -62.741, 62.741, 52.8, 0.000, 0.000
3, -62.741, 62.741, 1.008
1, -62.792, 62.792, 52.5, 0.000, 0.000
2, 1.006, 62.792, 54.9, 0.000, 0.000
3, 1.006, 62.792, 1.006
1, -62.754, 62.754, 52.2, 0.000, 0.000
1, -62.728, 62.728, 52.3, 0.000, 0.000
2, 1.028, 62.728, 56.1, 0.000, 0.000
3, 1.028, 62.728, 1.013
1, -62.725, 62.725, 52.3, 0.000, 0.000
2, 1.025, 62.725, 55.9, 0.000, 0.000
3, 1.025, 62.725, 1.011
1, -62.707, 62.707, 52.3, 0.000, 0.000
2, -62.707, 62.707, 52.8, 0.000, 0.000
3, -62.707, 62.707, 1.011
1, -62.706, 62.706, 52.3, 0.000, 0.000
2, -62.706, 62.706, 52.9, 0.000, 0.000
3, -62.706, 62.706, 1.009
1, -62.720, 62.720, 52.3, 0.000, 0.000
2, -62.720, 62.720, 52.9, 0.000, 0.000
3, -62.720, 62.720, 1.007
1, -62.723, 62.723, 52.3, 0.000, 0.000
2, -62.723, 62.723, 52.9, 0.000, 0.000
3, -62.723, 62.723, 1.009
1, -62.704, 62.704, 52.3, 0.000, 0.000
2, -62.704, 62.704, 52.8, 0.000, 0.000
3, -62.704, 62.704, 1.006
1, -62.713, 62.713, 52.3, 0.000, 0.000
2, -62.713, 62.713, 52.8, 0.000, 0.000
3, -62.713, 62.713, 1.009
1, -62.733, 62.733, 52.3, 0.000, 0.000
2, -62.733, 62.733, 52.9, 0.000, 0.000
3, -62.733, 62.733, 1.009
1, -62.745, 62.745, 52.4, 0.000, 0.000
2, -62.745, 62.745, 52.9, 0.000, 0.000
3, -62.745, 62.745, 1.006
1, -62.764, 62.764, 52.4, 0.000, 0.000
2, -62.764, 62.764, 52.9, 0.000, 0.000
3, -62.764, 62.764, 1.006
1, -62.763, 62.763, 52.4, 0.000, 0.000
2, -62.763, 62.763, 52.9, 0.000, 0.000
3, -62.763, 62.763, 1.007
1, -62.770, 62.770, 52.4, 0.000, 0.000
2, 1.006, 62.770, 54.9, 0.000, 0.000
3, 1.006, 62.770, 1.006
1, -62.732, 62.732, 52.3, 0.000, 0.000
2, -62.732, 62.732, 52.9, 0.000, 0.000
3, -62.732, 62.732, 1.009
1, -62.770, 62.770, 52.4, 0.000, 0.000
2, -62.770, 62.770, 52.9, 0.000, 0.000
3, -62.770, 62.770, 1.007
1, -62.795, 62.795, 52.4, 0.000, 0.000
2, 1.005, 62.795, 54.8, 0.000, 0.000
3, 1.005, 62.795, 1.004
1, -62.780, 62.780, 52.4, 0.000, 0.000
2, 1.006, 62.780, 54.9, 0.000, 0.000
3, 1.006, 62.780, 1.004
1, -62.740, 62.740, 52.4, 0.000, 0.000
2, -62.740, 62.740, 52.9, 0.000, 0.000
3, -62.740, 62.740, 1.008
1, -62.781, 62.781, 52.6, 0.000, 0.000
2, 1.041, 62.781, 56.8, 0.000, 0.000
3, 1.041, 62.781, 1.004
1, -62.745, 62.745, 52.3, 0.000, 0.000
2, -62.745, 62.745, 52.9, 0.000, 0.000
3, -62.745, 62.745, 1.009
1, -62.774, 62.774, 52.4, 0.000, 0.000
2, 1.006, 62.774, 54.9, 0.000, 0.000
3, 1.006, 62.774, 1.005
1, -62.748, 62.748, 52.4, 0.000, 0.000
2, -62.748, 62.748, 52.8, 0.000, 0.000
3, -62.748, 62.748, 1.008
1, -62.770, 62.770, 52.4, 0.000, 0.000
2, 1.026, 62.770, 55.9, 0.000, 0.000
3, 1.026, 62.770, 1.007
1, -62.750, 62.750, 52.3, 0.000, 0.000
2, -62.750, 62.750, 52.9, 0.000, 0.000
3, -62.750, 62.750, 1.009
1, -62.773, 62.773, 52.3, 0.000, 0.000
2, -62.773, 62.773, 52.8, 0.000, 0.000
3, -62.773, 62.773, 1.007
1, 1.023, 62.787, 55.8, 0.000, 0.000
2, 2.030, 62.787, 54.9, 0.000, 0.000
3, 2.030, 62.787, 1.003
1, 1.007, 62.782, 54.9, 0.000, 0.000
2, 2.013, 62.782, 54.9, 0.000, 0.000
3, 2.013, 62.782, 1.004
1, -62.759, 62.759, 52.4, 0.000, 0.000
2, 1.029, 62.759, 56.1, 0.000, 0.000
3, 1.029, 62.759, 1.006
1, -62.772, 62.772, 52.3, 0.000, 0.000
2, -62.772, 62.772, 52.8, 0.000, 0.000
3, -62.772, 62.772, 1.007
1, -62.769, 62.769, 52.4, 0.000, 0.000
2, -62.769, 62.769, 52.9, 0.000, 0.000
3, -62.769, 62.769, 1.006
1, -62.768, 62.768, 52.4, 0.000, 0.000
2, -62.768, 62.768, 52.9, 0.000, 0.000
3, -62.768, 62.768, 1.007
1, -62.766, 62.766, 52.4, 0.000, 0.000
2, -62.766, 62.766, 52.9, 0.000, 0.000
3, -62.766, 62.766, 1.008
1, -62.760, 62.760, 52.4, 0.000, 0.000
2, 1.049, 62.760, 57.2, 0.000, 0.000
3, 1.049, 62.760, 1.007
1, -62.773, 62.773, 52.4, 0.000, 0.000
2, -62.773, 62.773, 52.8, 0.000, 0.000
3, -62.773, 62.773, 1.007
1, -62.779, 62.779, 52.4, 0.000, 0.000
2, -62.779, 62.779, 52.9, 0.000, 0.000
3, -62.779, 62.779, 1.005
1, -62.786, 62.786, 52.5, 0.000, 0.000
2, -62.786, 62.786, 52.9, 0.000, 0.000
3, -62.786, 62.786, 1.003
1, -62.785, 62.785, 52.4, 0.000, 0.000
2, -62.785, 62.785, 52.9, 0.000, 0.000
3, -62.785, 62.785, 1.004
1, -62.787, 62.787, 52.4, 0.000, 0.000
2, 1.004, 62.787, 54.8, 0.000, 0.000
3, 1.004, 62.787, 1.003
1, -62.778, 62.778, 52.5, 0.000, 0.000
2, 1.026, 62.778, 56.0, 0.000, 0.000
3, 1.026, 62.778, 1.005
1, -62.785, 62.785, 52.5, 0.000, 0.000
2, 1.026, 62.785, 56.0, 0.000, 0.000
3, 1.026, 62.785, 1.006
1, -62.779, 62.779, 52.4, 0.000, 0.000
2, -62.779, 62.779, 52.8, 0.000, 0.000
3, -62.779, 62.779, 1.006
1, -62.779, 62.779, 52.4, 0.000, 0.000
2, 1.041, 62.779, 56.8, 0.000, 0.000
3, 1.041, 62.779, 1.006
1, -62.779, 62.779, 52.4, 0.000, 0.000
2, -62.779, 62.779, 52.9, 0.000, 0.000
3, -62.779, 62.779, 1.006
1, -62.782, 62.782, 52.5, 0.000, 0.000
2, -62.782, 62.782, 52.9, 0.000, 0.000
3, -62.782, 62.782, 1.005
1, -62.785, 62.785, 52.4, 0.000, 0.000
2, 1.041, 62.785, 56.8, 0.000, 0.000
3, 1.041, 62.785, 1.004
1, -62.781, 62.781, 52.4, 0.000, 0.000
2, -62.781, 62.781, 52.9, 0.000, 0.000
3, -62.781, 62.781, 1.006
1, -62.777, 62.777, 52.5, 0.000, 0.000
2, -62.777, 62.777, 52.9, 0.000, 0.000
3, -62.777, 62.777, 1.006
1, -62.779, 62.779, 52.4, 0.000, 0.000
2, -62.779, 62.779, 52.8, 0.000, 0.000
3, -62.779, 62.779, 1.006
1, -62.784, 62.784, 52.4, 0.000, 0.000
2, -62.784, 62.784, 52.9, 0.000, 0.000
3, -62.784, 62.784, 1.005
1, -62.785, 62.785, 52.5, 0.000, 0.000
2, 1.050, 62.785, 57.3, 0.000, 0.000
3, 1.050, 62.785, 1.005
1, -62.781, 62.781, 52.4, 0.000, 0.000
2, -62.781, 62.781, 52.9, 0.000, 0.000
3, -62.781, 62.781, 1.006
1, -62.786, 62.786, 52.5, 0.000, 0.000
2, -62.786, 62.786, 52.9, 0.000, 0.000
3, -62.786, 62.786, 1.005
1, -62.789, 62.789, 52.5, 0.000, 0.000
2, -62.789, 62.789, 52.9, 0.000, 0.000
3, -62.789, 62.789, 1.004
1, -62.788, 62.788, 52.5, 0.000, 0.000
2, 1.041, 62.788, 56.8, 0.000, 0.000
3, 1.041, 62.788, 1.004
1, -62.782, 62.782, 52.5, 0.000, 0.000
2, -62.782, 62.782, 52.9, 0.000, 0.000
3, -62.782, 62.782, 1.005
1, -62.788, 62.788, 52.5, 0.000, 0.000
2, -62.788, 62.788, 52.9, 0.000, 0.000
3, -62.788, 62.788, 1.004
1, -62.790, 62.790, 52.4, 0.000, 0.000
2, 1.041, 62.790, 56.8, 0.000, 0.000
3, 1.041, 62.790, 1.003
1, -62.784, 62.784, 52.5, 0.000, 0.000
2, -62.784, 62.784, 52.9, 0.000, 0.000
3, -62.784, 62.784, 1.004
1, 1.004, 62.790, 54.8, 0.000, 0.000
2, 1.004, 62.790, 52.9, 0.000, 0.000
3, 1.004, 62.790, 1.004
1, 1.030, 62.784, 56.2, 0.000, 0.000
2, 1.030, 62.784, 52.9, 0.000, 0.000
3, 1.030, 62.784, 1.004
1, -62.789, 62.789, 52.4, 0.000, 0.000
2, -62.789, 62.789, 52.9, 0.000, 0.000
3, -62.789, 62.789, 1.005
1, -62.787, 62.787, 52.4, 0.000, 0.000
2, -62.787, 62.787, 52.9, 0.000, 0.000
3, -62.787, 62.787, 1.005
1, -62.786, 62.786, 52.5, 0.000, 0.000
2, -62.786, 62.786, 52.9, 0.000, 0.000
3, -62.786, 62.786, 1.004
1, -62.786, 62.786, 52.5, 0.000, 0.000
2, -62.786, 62.786, 52.9, 0.000, 0.000
3, -62.786, 62.786, 1.005
1, -62.786, 62.786, 52.4, 0.000, 0.000
2, 1.026, 62.786, 56.0, 0.000, 0.000
3, 1.026, 62.786, 1.005
1, -62.789, 62.789, 52.3, 0.000, 0.000
2, -62.789, 62.789, 52.9, 0.000, 0.000
3, -62.789, 62.789, 1.004
1, -62.791, 62.791, 52.4, 0.000, 0.000
2, -62.791, 62.791, 52.9, 0.000, 0.000
3, -62.791, 62.791, 1.002
1, -62.791, 62.791, 52.5, 0.000, 0.000
2, 1.050, 62.791, 57.3, 0.000, 0.000
3, 1.050, 62.791, 1.004
1, -62.787, 62.787, 52.5, 0.000, 0.000
2, -62.787, 62.787, 52.9, 0.000, 0.000
3, -62.787, 62.787, 1.005
1, -62.791, 62.791, 52.4, 0.000, 0.000
2, 1.041, 62.791, 56.8, 0.000, 0.000
3, 1.041, 62.791, 1.002
1, -62.787, 62.787, 52.5, 0.000, 0.000
2, -62.787, 62.787, 52.9, 0.000, 0.000
3, -62.787, 62.787, 1.004
1, -62.790, 62.790, 54.1, 0.000, 0.000
2, 1.028, 62.790, 56.1, 0.000, 0.000
3, 1.028, 62.790, 1.004
1, -62.788, 62.788, 52.5, 0.000, 0.000
2, -62.788, 62.788, 52.9, 0.000, 0.000
3, -62.788, 62.788, 1.003
1, -62.790, 62.790, 52.5, 0.000, 0.000
2, -62.790, 62.790, 52.9, 0.000, 0.000
3, -62.790, 62.790, 1.004
1, -62.791, 62.791, 52.4, 0.000, 0.000
2, -62.791, 62.791, 52.9, 0.000, 0.000
3, -62.791, 62.791, 1.003
1, -62.793, 62.793, 52.5, 0.000, 0.000
2, -62.793, 62.793, 52.9, 0.000, 0.000
3, -62.793, 62.793, 1.004
1, -62.793, 62.793, 52.5, 0.000, 0.000
2, -62.793, 62.793, 52.9, 0.000, 0.000
3, -62.793, 62.793, 1.004
1, -62.794, 62.794, 52.5, 0.000, 0.000
2, 1.026, 62.794, 56.0, 0.000, 0.000
3, 1.026, 62.794, 1.003
1, -62.790, 62.790, 52.4, 0.000, 0.000
2, -62.790, 62.790, 52.9, 0.000, 0.000
3, -62.790, 62.790, 1.004
1, -62.794, 62.794, 52.5, 0.000, 0.000
2, -62.794, 62.794, 52.9, 0.000, 0.000
3, -62.794, 62.794, 1.004
1, -62.797, 62.797, 52.4, 0.000, 0.000
2, 1.050, 62.797, 57.3, 0.000, 0.000
3, 1.050, 62.797, 1.003
1, -62.795, 62.795, 52.5, 0.000, 0.000
2, -62.795, 62.795, 52.9, 0.000, 0.000
3, -62.795, 62.795, 1.003
1, -62.797, 62.797, 52.4, 0.000, 0.000
2, -62.797, 62.797, 52.9, 0.000, 0.000
3, -62.797, 62.797, 1.003
1, -62.797, 62.797, 52.5, 0.000, 0.000
2, 1.026, 62.797, 55.9, 0.000, 0.000
3, 1.026, 62.797, 1.003
1, -62.792, 62.792, 52.3, 0.000, 0.000
2, -62.792, 62.792, 52.9, 0.000, 0.000
3, -62.792, 62.792, 1.004
1, 1.004, 62.796, 54.8, 0.000, 0.000
2, 2.030, 62.796, 55.9, 0.000, 0.000
3, 2.030, 62.796, 1.003
1, -62.793, 62.793, 54.5, 0.000, 0.000
2, 1.026, 62.793, 56.0, 0.000, 0.000
3, 1.026, 62.793, 1.004
1, -62.796, 62.796, 52.5, 0.000, 0.000
2, -62.796, 62.796, 52.9, 0.000, 0.000
3, -62.796, 62.796, 1.002
1, -62.795, 62.795, 54.5, 0.000, 0.000
2, -62.795, 62.795, 52.9, 0.000, 0.000
3, -62.795, 62.795, 1.003
1, -62.795, 62.795, 54.5, 0.000, 0.000
2, -62.795, 62.795, 52.9, 0.000, 0.000
3, -62.795, 62.795, 1.003
1, -62.794, 62.794, 52.4, 0.000, 0.000
2, -62.794, 62.794, 52.9, 0.000, 0.000
3, -62.794, 62.794, 1.002
1, -62.794, 62.794, 52.4, 0.000, 0.000
2, -62.794, 62.794, 52.9, 0.000, 0.000
3, -62.794, 62.794, 1.004
1, 1.008, 62.797, 55.0, 0.000, 0.000
2, 2.033, 62.797, 56.0, 0.000, 0.000
3, 2.033, 62.797, 1.003
1, -62.795, 62.795, 52.4, 0.000, 0.000
2, 1.026, 62.795, 56.0, 0.000, 0.000
3, 1.026, 62.795, 1.002
1, -62.796, 62.796, 52.6, 0.000, 0.000
2, -62.796, 62.796, 52.9, 0.000, 0.000
3, -62.796, 62.796, 1.003
1, -62.796, 62.796, 52.6, 0.000, 0.000
2, -62.796, 62.796, 52.9, 0.000, 0.000
3, -62.796, 62.796, 1.003
1, -62.796, 62.796, 52.6, 0.000, 0.000
2, -62.796, 62.796, 52.9, 0.000, 0.000
3, -62.796, 62.796, 1.003
1, -62.796, 62.796, 52.5, 0.000, 0.000
2, 1.050, 62.796, 57.3, 0.000, 0.000
3, 1.050, 62.796, 1.002
1, 1.026, 62.796, 56.0, 0.000, 0.000
2, 2.068, 62.796, 56.8, 0.000, 0.000
3, 2.068, 62.796, 1.001
1, -62.797, 62.797, 52.5, 0.000, 0.000
2, -62.797, 62.797, 52.9, 0.000, 0.000
3, -62.797, 62.797, 1.004
1, -62.797, 62.797, 52.4, 0.000, 0.000
2, -62.797, 62.797, 52.9, 0.000, 0.000
3, -62.797, 62.797, 1.003
1, -62.798, 62.798, 52.5, 0.000, 0.000
2, 1.026, 62.798, 56.0, 0.000, 0.000
3, 1.026, 62.798, 1.003
1, -62.797, 62.797, 52.5, 0.000, 0.000
2, 1.042, 62.797, 56.8, 0.000, 0.000
3, 1.042, 62.797, 1.003
1, 1.023, 62.796, 55.8, 0.000, 0.000
2, 1.023, 62.796, 52.9, 0.000, 0.000
3, 1.023, 62.796, 1.003
1, -62.797, 62.797, 52.4, 0.000, 0.000
2, -62.797, 62.797, 52.9, 0.000, 0.000
3, -62.797, 62.797, 1.004
1, -62.797, 62.797, 54.4, 0.000, 0.000
2, -62.797, 62.797, 52.9, 0.000, 0.000
3, -62.797, 62.797, 1.003
1, -62.797, 62.797, 52.5, 0.000, 0.000
2, -62.797, 62.797, 52.9, 0.000, 0.000
3, -62.797, 62.797, 1.003
1, -62.797, 62.797, 52.5, 0.000, 0.000
2, -62.797, 62.797, 52.9, 0.000, 0.000
3, -62.797, 62.797, 1.003
1, -62.797, 62.797, 52.5, 0.000, 0.000
2, -62.797, 62.797, 52.9, 0.000, 0.000
3, -62.797, 62.797, 1.003
1, -62.797, 62.797, 52.5, 0.000, 0.000
2, 1.042, 62.797, 56.8, 0.000, 0.000
3, 1.042, 62.797, 1.003
1, -62.797, 62.797, 54.0, 0.000, 0.000
2, 1.050, 62.797, 57.3, 0.000, 0.000
3, 1.050, 62.797, 1.002
1, -62.797, 62.797, 52.5, 0.000, 0.000
2, -62.797, 62.797, 52.9, 0.000, 0.000
3, -62.797, 62.797, 1.003
1, -62.797, 62.797, 54.4, 0.000, 0.000
1, -62.797, 62.797, 52.5, 0.000, 0.000
2, -62.797, 62.797, 52.9, 0.000, 0.000
3, -62.797, 62.797, 1.003
1, -62.797, 62.797, 52.5, 0.000, 0.000
2, -62.797, 62.797, 52.9, 0.000, 0.000
3, -62.797, 62.797, 1.003
1, -62.797, 62.797, 52.5, 0.000, 0.000
2, -62.797, 62.797, 52.9, 0.000, 0.000
3, -62.797, 62.797, 1.003
1, -62.797, 62.797, 52.5, 0.000, 0.000
2, 1.042, 62.797, 56.8, 0.000, 0.000
3, 1.042, 62.797, 1.003
1, -62.797, 62.797, 52.5, 0.000, 0.000
2, -62.797, 62.797, 52.9, 0.000, 0.000
3, -62.797, 62.797, 1.004
1, -62.797, 62.797, 54.4, 0.000, 0.000
2, -62.797, 62.797, 52.9, 0.000, 0.000
3, -62.797, 62.797, 1.003
1, -62.797, 62.797, 52.5, 0.000, 0.000
2, -62.797, 62.797, 52.9, 0.000, 0.000
3, -62.797, 62.797, 1.003
1, -62.797, 62.797, 52.5, 0.000, 0.000
2, -62.797, 62.797, 52.9, 0.000, 0.000
3, -62.797, 62.797, 1.004
1, -62.797, 62.797, 52.5, 0.000, 0.000
2, -62.797, 62.797, 52.9, 0.000, 0.000
3, -62.797, 62.797, 1.004
1, -62.797, 62.797, 52.5, 0.000, 0.000
2, -62.797, 62.797, 52.9, 0.000, 0.000
3, -62.797, 62.797, 1.004
1, -62.797, 62.797, 52.5, 0.000, 0.000
2, -62.797, 62.797, 52.9, 0.000, 0.000
3, -62.797, 62.797, 1.004
1, -62.797, 62.797, 52.5, 0.000, 0.000
2, -62.797, 62.797, 52.9, 0.000, 0.000
3, -62.797, 62.797, 1.004
1, -62.797, 62.797, 52.5, 0.000, 0.000
2, 1.050, 62.797, 57.3, 0.000, 0.000
3, 1.050, 62.797, 1.002
1, -62.797, 62.797, 52.5, 0.000, 0.000
2, 1.050, 62.797, 57.3, 0.000, 0.000
3, 1.050, 62.797, 1.002
1, -62.797, 62.797, 52.5, 0.000, 0.000
2, -62.797, 62.797, 52.9, 0.000, 0.000
3, -62.797, 62.797, 1.003
1, -62.797, 62.797, 52.5, 0.000, 0.000
2, 1.050, 62.797, 57.3, 0.000, 0.000
3, 1.050, 62.797, 1.002
1, -62.797, 62.797, 52.5, 0.000, 0.000
2, 1.050, 62.797, 57.3, 0.000, 0.000
3, 1.050, 62.797, 1.002
1, -62.797, 62.797, 52.5, 0.000, 0.000
2, 1.050, 62.797, 57.3, 0.000, 0.000
3, 1.050, 62.797, 1.002
1, -62.797, 62.797, 52.5, 0.000, 0.000
2, 1.050, 62.797, 57.3, 0.000, 0.000
3, 1.050, 62.797, 1.002
1, -62.797, 62.797, 52.5, 0.000, 0.000
2, 1.050, 62.797, 57.3, 0.000, 0.000
3, 1.050, 62.797, 1.002
1, -62.797, 62.797, 52.5, 0.000, 0.000
2, 1.050, 62.797, 57.3, 0.000, 0.000
3, 1.050, 62.797, 1.002
1, -62.797, 62.797, 52.5, 0.000, 0.000
2, -62.797, 62.797, 52.9, 0.000, 0.000
3, -62.797, 62.797, 1.003
1, -62.797, 62.797, 52.5, 0.000, 0.000
2, 1.050, 62.797, 57.3, 0.000, 0.000
3, 1.050, 62.797, 1.002
1, -62.797, 62.797, 52.5, 0.000, 0.000
2, 1.050, 62.797, 57.3, 0.000, 0.000
3, 1.050, 62.797, 1.002
1, -62.797, 62.797, 52.5, 0.000, 0.000
2, 1.050, 62.797, 57.3, 0.000, 0.000
3, 1.050, 62.797, 1.002
1, -62.797, 62.797, 52.5, 0.000, 0.000
2, 1.050, 62.797, 57.3, 0.000, 0.000
3, 1.050, 62.797, 1.002
1, -62.797, 62.797, 54.4, 0.000, 0.000
2, -62.797, 62.797, 52.9, 0.000, 0.000
3, -62.797, 62.797, 1.003
1, -62.797, 62.797, 52.5, 0.000, 0.000
2, -62.797, 62.797, 52.9, 0.000, 0.000
3, -62.797, 62.797, 1.003
1, -62.797, 62.797, 54.0, 0.000, 0.000
2, 1.041, 62.797, 56.8, 0.000, 0.000
3, 1.041, 62.797, 1.002
1, -62.797, 62.797, 54.0, 0.000, 0.000
2, 1.041, 62.797, 56.8, 0.000, 0.000
3, 1.041, 62.797, 1.002
1, -62.797, 62.797, 52.5, 0.000, 0.000
2, -62.797, 62.797, 52.9, 0.000, 0.000
3, -62.797, 62.797, 1.003
1, -62.797, 62.797, 52.5, 0.000, 0.000
2, 1.050, 62.797, 57.3, 0.000, 0.000
3, 1.050, 62.797, 1.002
1, -62.797, 62.797, 52.5, 0.000, 0.000
2, -62.797, 62.797, 52.9, 0.000, 0.000
3, -62.797, 62.797, 1.003
1, -62.797, 62.797, 54.0, 0.000, 0.000
2, 1.041, 62.797, 56.8, 0.000, 0.000
3, 1.041, 62.797, 1.002
1, -62.797, 62.797, 52.5, 0.000, 0.000
2, -62.797, 62.797, 52.9, 0.000, 0.000
3, -62.797, 62.797, 1.003
