Model, Load, L, L11, T, T1, h4, T2, W3, Treatment Combo, SAV (1/cm), Max Mises Stress (MPa), Max Displacement (cm), Max Strain, Node 1 Displacement (cm), Node 2 Displacement (cm)
1, 2, 14.0, 0.4, 0.2, 0.1, 1.2, 0.15, 0.2, , 91.454, 177.4, 2.893, 0.0396, 2.677, 2.893
2, 2, 14.0, 0.4, 0.2, 0.1, 1.2, 0.15, 0.4, g, 91.004, 146.2, 2.239, 0.0356, 2.096, 2.239
3, 2, 14.0, 0.4, 0.2, 0.1, 1.2, 0.35, 0.2, f, 59.544, 110.1, 1.522, 0.0319, 1.441, 1.521
4, 2, 14.0, 0.4, 0.2, 0.1, 1.2, 0.35, 0.4, fg, 61.463, 90.9, 1.170, 0.0259, 1.111, 1.170
5, 2, 14.0, 0.4, 0.2, 0.1, 1.8, 0.15, 0.2, e, 93.012, 179.4, 3.273, 0.0408, 3.075, 3.273
6, 2, 14.0, 0.4, 0.2, 0.1, 1.8, 0.15, 0.4, eg, 93.113, 151.1, 2.573, 0.0355, 2.438, 2.573
7, 2, 14.0, 0.4, 0.2, 0.1, 1.8, 0.35, 0.2, ef, 60.074, 117.1, 1.710, 0.0332, 1.633, 1.710
8, 2, 14.0, 0.4, 0.2, 0.1, 1.8, 0.35, 0.4, efg, 62.240, 90.4, 1.336, 0.0255, 1.282, 1.336
9, 2, 14.0, 0.4, 0.2, 0.4, 1.2, 0.15, 0.2, d, 33.831, 158.2, 1.896, 0.0177, 1.890, 1.896
10, 2, 14.0, 0.4, 0.2, 0.4, 1.2, 0.15, 0.4, dg, 32.598, 90.0, 1.302, 0.0123, 1.299, 1.302
11, 2, 14.0, 0.4, 0.2, 0.4, 1.2, 0.35, 0.2, df, 29.615, 82.3, 1.116, 0.0140, 1.109, 1.116
12, 2, 14.0, 0.4, 0.2, 0.4, 1.2, 0.35, 0.4, dfg, 29.048, 51.8, 0.773, 0.0103, 0.768, 0.772
13, 2, 14.0, 0.4, 0.2, 0.4, 1.8, 0.15, 0.2, de, 35.111, 160.3, 2.173, 0.0170, 2.167, 2.173
14, 2, 14.0, 0.4, 0.2, 0.4, 1.8, 0.15, 0.4, deg, 33.914, 102.8, 1.522, 0.0109, 1.517, 1.521
15, 2, 14.0, 0.4, 0.2, 0.4, 1.8, 0.35, 0.2, def, 30.476, 83.6, 1.273, 0.0141, 1.266, 1.273
16, 2, 14.0, 0.4, 0.2, 0.4, 1.8, 0.35, 0.4, defg, 29.982, 53.5, 0.895, 0.0096, 0.889, 0.895
17, 2, 14.0, 0.4, 0.4, 0.1, 1.2, 0.15, 0.2, c, 43.022, 37.4, 0.262, 0.0106, 0.223, 0.262
18, 2, 14.0, 0.4, 0.4, 0.1, 1.2, 0.15, 0.4, cg, 42.711, 28.2, 0.219, 0.0081, 0.191, 0.219
19, 2, 14.0, 0.4, 0.4, 0.1, 1.2, 0.35, 0.2, cf, 24.551, 25.8, 0.131, 0.0074, 0.119, 0.131
20, 2, 14.0, 0.4, 0.4, 0.1, 1.2, 0.35, 0.4, cfg, 25.047, 15.8, 0.090, 0.0044, 0.085, 0.090
21, 2, 14.0, 0.4, 0.4, 0.1, 1.8, 0.15, 0.2, ce, 43.588, 38.5, 0.295, 0.0108, 0.257, 0.295
22, 2, 14.0, 0.4, 0.4, 0.1, 1.8, 0.15, 0.4, ceg, 43.692, 27.9, 0.243, 0.0079, 0.217, 0.243
23, 2, 14.0, 0.4, 0.4, 0.1, 1.8, 0.35, 0.2, cef, 24.674, 22.9, 0.148, 0.0064, 0.137, 0.148
24, 2, 14.0, 0.4, 0.4, 0.1, 1.8, 0.35, 0.4, cefg, 25.329, 15.7, 0.103, 0.0042, 0.098, 0.103
25, 2, 14.0, 0.4, 0.4, 0.4, 1.2, 0.15, 0.2, cd, 19.867, 24.3, 0.164, 0.0055, 0.162, 0.164
26, 2, 14.0, 0.4, 0.4, 0.4, 1.2, 0.15, 0.4, cdg, 18.863, 17.4, 0.118, 0.0036, 0.117, 0.118
27, 2, 14.0, 0.4, 0.4, 0.4, 1.2, 0.35, 0.2, cdf, 15.841, 18.2, 0.097, 0.0049, 0.096, 0.097
28, 2, 14.0, 0.4, 0.4, 0.4, 1.2, 0.35, 0.4, cdfg, 15.346, 11.5, 0.066, 0.0027, 0.065, 0.066
29, 2, 14.0, 0.4, 0.4, 0.4, 1.8, 0.15, 0.2, cde, 20.515, 26.0, 0.184, 0.0060, 0.183, 0.184
30, 2, 14.0, 0.4, 0.4, 0.4, 1.8, 0.15, 0.4, cdeg, 19.596, 18.4, 0.135, 0.0034, 0.134, 0.135
31, 2, 14.0, 0.4, 0.4, 0.4, 1.8, 0.35, 0.2, cdef, 16.130, 19.0, 0.110, 0.0049, 0.109, 0.110
32, 2, 14.0, 0.4, 0.4, 0.4, 1.8, 0.35, 0.4, cdefg, 15.755, 13.0, 0.076, 0.0025, 0.075, 0.076
33, 2, 14.0, 0.56, 0.2, 0.1, 1.2, 0.15, 0.2, b, 92.087, 178.6, 3.315, 0.0378, 2.590, 3.315
34, 2, 14.0, 0.56, 0.2, 0.1, 1.2, 0.15, 0.4, bg, 90.942, 138.0, 2.551, 0.0361, 2.074, 2.551
35, 2, 14.0, 0.56, 0.2, 0.1, 1.2, 0.35, 0.2, bf, 59.636, 107.0, 1.661, 0.0309, 1.367, 1.661
36, 2, 14.0, 0.56, 0.2, 0.1, 1.2, 0.35, 0.4, bfg, 61.245, 91.2, 1.288, 0.0257, 1.095, 1.288
37, 2, 14.0, 0.56, 0.2, 0.1, 1.8, 0.15, 0.2, be, 94.080, 168.4, 3.728, 0.0341, 3.054, 3.728
38, 2, 14.0, 0.56, 0.2, 0.1, 1.8, 0.15, 0.4, beg, 93.908, 147.2, 2.939, 0.0336, 2.494, 2.939
39, 2, 14.0, 0.56, 0.2, 0.1, 1.8, 0.35, 0.2, bef, 60.137, 94.3, 1.892, 0.0266, 1.621, 1.892
40, 2, 14.0, 0.56, 0.2, 0.1, 1.8, 0.35, 0.4, befg, 62.330, 84.7, 1.467, 0.0235, 1.298, 1.467
41, 2, 14.0, 0.56, 0.2, 0.4, 1.2, 0.15, 0.2, bd, 34.688, 143.8, 1.769, 0.0152, 1.738, 1.769
42, 2, 14.0, 0.56, 0.2, 0.4, 1.2, 0.15, 0.4, bdg, 33.276, 97.9, 1.251, 0.0108, 1.229, 1.251
43, 2, 14.0, 0.56, 0.2, 0.4, 1.2, 0.35, 0.2, bdf, 30.245, 75.8, 1.045, 0.0138, 1.014, 1.044
44, 2, 14.0, 0.56, 0.2, 0.4, 1.2, 0.35, 0.4, bdfg, 29.552, 47.4, 0.751, 0.0093, 0.728, 0.751
45, 2, 14.0, 0.56, 0.2, 0.4, 1.8, 0.15, 0.2, bde, 36.109, 146.2, 2.153, 0.0155, 2.119, 2.153
46, 2, 14.0, 0.56, 0.2, 0.4, 1.8, 0.15, 0.4, bdeg, 34.830, 105.3, 1.558, 0.0104, 1.533, 1.558
47, 2, 14.0, 0.56, 0.2, 0.4, 1.8, 0.35, 0.2, bdef, 31.119, 73.2, 1.263, 0.0122, 1.230, 1.262
