1, 5.572, 92.351, 303.9, 0.575, 0.713
2, 10.872, 92.351, 289.1, 3.465, 4.783
1, 6.413, 91.415, 349.8, 0.463, 0.566
2, 11.726, 91.415, 289.8, 2.696, 3.705
1, 5.429, 90.774, 296.1, 0.517, 0.629
2, 10.155, 90.774, 257.8, 2.719, 3.534
1, 7.264, 93.283, 396.2, 0.781, 1.164
2, 12.746, 93.283, 299.0, 3.817, 5.085
1, 8.223, 92.859, 448.5, 0.632, 0.924
2, 13.683, 92.859, 297.8, 2.989, 3.980
1, 7.421, 92.394, 404.8, 0.697, 1.016
2, 12.346, 92.394, 268.7, 3.009, 3.789
1, 8.932, 94.231, 487.2, 1.034, 1.772
2, 15.918, 94.231, 381.1, 4.203, 5.468
1, 9.913, 94.301, 540.7, 0.844, 1.410
2, 17.049, 94.301, 389.2, 3.335, 4.339
1, 8.709, 94.013, 475.0, 0.920, 1.535
2, 17.230, 94.013, 464.8, 3.347, 4.131
1, 5.147, 91.217, 280.7, 0.766, 0.775
2, 11.699, 91.217, 357.4, 5.549, 6.779
1, 6.208, 90.633, 338.6, 0.621, 0.622
2, 12.622, 90.633, 349.9, 4.347, 5.294
1, 5.072, 90.101, 276.7, 0.677, 0.673
2, 10.504, 90.101, 296.3, 4.383, 5.187
1, 6.730, 91.800, 367.1, 1.011, 1.244
2, 13.056, 91.800, 345.0, 6.004, 7.172
1, 7.969, 91.384, 434.7, 0.822, 0.996
2, 14.614, 91.384, 362.5, 4.707, 5.619
1, 7.073, 91.382, 385.8, 0.889, 1.070
2, 12.939, 91.382, 319.9, 4.757, 5.511
1, 8.320, 93.472, 453.8, 1.299, 1.861
2, 14.885, 93.472, 358.1, 6.496, 7.648
1, 9.655, 92.798, 526.7, 1.060, 1.492
2, 16.420, 92.798, 369.0, 5.126, 6.046
1, 8.227, 92.435, 448.7, 1.139, 1.593
2, 14.082, 92.435, 319.4, 5.176, 5.926
1, 4.950, 90.761, 270.0, 0.990, 0.845
2, 12.521, 90.761, 412.9, 8.387, 9.629
1, 5.727, 90.366, 312.4, 0.871, 0.731
2, 12.897, 90.366, 391.1, 6.679, 7.492
1, 6.123, 91.326, 334.0, 1.287, 1.342
2, 13.483, 91.326, 401.5, 8.949, 10.110
1, 7.785, 90.629, 424.6, 1.051, 1.085
2, 15.577, 90.629, 425.1, 7.075, 7.992
1, 6.911, 91.108, 377.0, 1.126, 1.152
2, 13.850, 91.108, 378.5, 7.137, 7.933
1, 7.687, 91.774, 419.3, 1.622, 1.985
2, 15.002, 91.774, 399.0, 9.564, 10.691
1, 9.506, 92.236, 518.5, 1.328, 1.604
2, 17.512, 92.236, 436.7, 7.554, 8.472
1, 7.974, 91.838, 435.0, 1.415, 1.695
2, 14.748, 91.838, 369.5, 7.654, 8.436
1, 3.547, 72.501, 193.4, 0.398, 0.493
2, 6.826, 72.501, 178.9, 2.309, 3.083
1, 3.952, 72.587, 215.6, 0.335, 0.409
2, 7.231, 72.587, 178.8, 1.853, 2.431
1, 4.577, 73.005, 249.6, 0.360, 0.440
2, 8.343, 73.005, 205.4, 1.828, 2.291
1, 4.501, 72.944, 245.5, 0.542, 0.805
2, 7.862, 72.944, 183.3, 2.545, 3.288
1, 5.354, 73.273, 292.1, 0.456, 0.663
2, 8.930, 73.273, 195.0, 2.029, 2.585
1, 5.497, 73.961, 299.8, 0.486, 0.708
2, 9.086, 73.961, 195.8, 2.011, 2.445
1, 5.316, 73.504, 290.0, 0.721, 1.227
2, 10.565, 73.504, 286.3, 2.789, 3.518
1, 6.152, 74.161, 335.5, 0.608, 1.010
2, 10.472, 74.161, 235.7, 2.249, 2.801
1, 6.147, 74.887, 335.3, 0.641, 1.065
2, 10.777, 74.887, 252.5, 2.219, 2.643
1, 3.301, 71.806, 180.1, 0.535, 0.543
2, 7.118, 71.806, 208.2, 3.757, 4.467
1, 4.195, 72.126, 228.8, 0.452, 0.454
2, 8.537, 72.126, 236.8, 3.029, 3.577
1, 4.059, 72.614, 221.4, 0.477, 0.477
2, 8.236, 72.614, 227.8, 2.994, 3.465
1, 4.179, 72.079, 228.0, 0.706, 0.869
2, 8.097, 72.079, 213.7, 4.054, 4.734
1, 4.837, 72.529, 263.8, 0.598, 0.726
2, 8.897, 72.529, 221.5, 3.267, 3.789
1, 5.272, 73.359, 287.6, 0.624, 0.754
2, 9.634, 73.359, 237.9, 3.227, 3.665
1, 5.186, 73.037, 282.9, 0.909, 1.299
2, 9.291, 73.037, 223.9, 4.397, 5.059
1, 5.885, 73.271, 321.0, 0.772, 1.084
2, 10.043, 73.271, 226.8, 3.546, 4.065
1, 6.100, 73.956, 332.7, 0.800, 1.119
2, 10.354, 73.956, 232.0, 3.502, 3.930
1, 3.372, 71.530, 183.9, 0.698, 0.599
2, 7.964, 71.530, 250.5, 5.741, 6.469
1, 4.131, 71.437, 225.3, 0.593, 0.505
2, 9.233, 71.437, 278.3, 4.664, 5.242
1, 4.432, 72.828, 241.7, 0.616, 0.522
2, 9.921, 72.828, 299.4, 4.596, 5.097
1, 3.992, 71.811, 217.7, 0.905, 0.947
2, 8.495, 71.811, 245.6, 6.123, 6.810
1, 5.250, 72.074, 286.3, 0.772, 0.799
2, 10.549, 72.074, 289.1, 4.990, 5.541
1, 5.171, 73.247, 282.1, 0.795, 0.819
2, 10.332, 73.247, 281.5, 4.893, 5.381
1, 4.882, 72.031, 266.3, 1.140, 1.396
2, 9.527, 72.031, 253.4, 6.523, 7.191
1, 5.694, 73.054, 310.6, 0.974, 1.177
2, 10.535, 73.054, 264.0, 5.308, 5.854
1, 6.155, 73.637, 335.7, 0.997, 1.198
2, 11.343, 73.637, 283.0, 5.219, 5.694
1, 2.639, 59.728, 144.0, 0.316, 0.392
2, 5.044, 59.728, 131.2, 1.766, 2.298
1, 4.082, 60.308, 222.6, 0.276, 0.338
2, 7.662, 60.308, 195.3, 1.458, 1.846
1, 3.457, 61.073, 188.6, 0.285, 0.349
2, 6.259, 61.073, 152.9, 1.398, 1.709
1, 3.354, 59.959, 182.9, 0.431, 0.638
2, 5.840, 59.959, 135.6, 1.931, 2.432
1, 5.223, 60.742, 284.9, 0.376, 0.547
2, 8.851, 60.742, 197.9, 1.591, 1.961
1, 4.404, 61.678, 240.2, 0.385, 0.559
2, 7.263, 61.678, 156.0, 1.535, 1.821
1, 3.976, 60.304, 216.8, 0.573, 0.972
2, 7.330, 60.304, 183.0, 2.124, 2.607
1, 6.521, 61.259, 355.7, 0.500, 0.830
2, 10.282, 61.259, 205.2, 1.751, 2.109
1, 4.902, 62.246, 267.4, 0.506, 0.838
2, 8.593, 62.246, 201.3, 1.682, 1.957
1, 2.508, 59.269, 136.8, 0.427, 0.435
2, 5.456, 59.269, 160.8, 2.913, 3.399
1, 3.320, 60.828, 181.1, 0.378, 0.381
2, 6.710, 60.828, 184.9, 2.312, 2.633
1, 3.081, 59.383, 168.1, 0.564, 0.694
2, 5.952, 59.383, 156.6, 3.136, 3.596
1, 9.176, 60.243, 500.5, 0.496, 0.603
2, 17.260, 60.243, 440.9, 2.601, 2.955
1, 3.982, 61.290, 217.2, 0.495, 0.600
2, 7.236, 61.290, 177.5, 2.485, 2.783
1, 3.925, 59.994, 214.1, 0.725, 1.036
2, 7.014, 59.994, 168.5, 3.392, 3.839
1, 8.938, 60.656, 487.5, 0.639, 0.898
2, 15.524, 60.656, 359.2, 2.811, 3.158
1, 4.147, 61.651, 226.2, 0.634, 0.888
2, 7.018, 61.651, 156.6, 2.688, 2.976
1, 2.415, 59.076, 131.7, 0.560, 0.483
2, 5.717, 59.076, 180.1, 4.488, 4.984
1, 4.676, 59.588, 255.0, 0.495, 0.423
2, 10.857, 59.588, 337.2, 3.759, 4.157
1, 2.875, 61.004, 156.8, 0.489, 0.417
2, 6.365, 61.004, 190.3, 3.560, 3.908
1, 2.996, 59.232, 163.4, 0.726, 0.762
2, 6.381, 59.232, 184.6, 4.776, 5.243
1, 5.718, 59.973, 311.9, 0.644, 0.668
2, 11.803, 59.973, 331.9, 4.013, 4.393
1, 4.153, 61.254, 226.5, 0.632, 0.654
2, 8.245, 61.254, 223.2, 3.793, 4.132
1, 3.595, 59.322, 196.1, 0.914, 1.120
2, 6.992, 59.322, 185.3, 5.076, 5.531
1, 6.248, 60.608, 340.8, 0.811, 0.981
2, 11.824, 60.608, 304.1, 4.257, 4.632
1, 4.405, 61.470, 240.2, 0.792, 0.955
2, 8.076, 61.470, 200.2, 4.038, 4.368
1, 4.183, 50.978, 228.2, 0.330, 0.410
2, 8.802, 50.978, 251.9, 2.596, 2.817
1, 4.830, 50.022, 263.5, 0.268, 0.327
2, 9.435, 50.022, 251.2, 1.964, 2.142
1, 4.137, 49.132, 225.6, 0.278, 0.337
2, 8.159, 49.132, 219.4, 1.928, 2.074
1, 5.526, 51.941, 301.4, 0.442, 0.670
2, 10.413, 51.941, 266.6, 2.870, 3.093
1, 5.337, 51.155, 291.1, 0.361, 0.534
2, 9.418, 51.155, 222.6, 2.205, 2.388
1, 4.760, 50.314, 259.6, 0.373, 0.549
2, 8.429, 50.314, 200.1, 2.167, 2.315
1, 6.302, 52.931, 343.7, 0.576, 1.018
2, 11.517, 52.931, 284.4, 3.210, 3.441
1, 7.344, 52.325, 400.6, 0.475, 0.815
2, 12.074, 52.325, 258.0, 2.505, 2.699
1, 5.585, 51.538, 304.6, 0.489, 0.836
2, 10.702, 51.538, 279.1, 2.467, 2.624
1, 3.855, 50.022, 210.3, 0.453, 0.454
2, 9.626, 50.022, 314.8, 4.254, 4.456
1, 4.613, 49.168, 251.6, 0.370, 0.366
2, 10.164, 49.168, 302.7, 3.222, 3.387
1, 3.730, 48.324, 203.4, 0.380, 0.374
2, 8.279, 48.324, 248.1, 3.183, 3.326
1, 4.966, 50.716, 270.9, 0.594, 0.730
2, 10.594, 50.716, 307.0, 4.587, 4.787
1, 5.963, 49.917, 325.2, 0.486, 0.589
2, 11.734, 49.917, 314.8, 3.510, 3.677
1, 4.645, 49.229, 253.3, 0.498, 0.600
2, 9.267, 49.229, 252.1, 3.464, 3.606
1, 6.216, 51.780, 339.1, 0.754, 1.092
2, 12.100, 51.780, 320.9, 4.987, 5.192
1, 6.553, 50.903, 357.5, 0.620, 0.880
2, 11.855, 50.903, 289.2, 3.851, 4.027
1, 5.549, 50.100, 302.7, 0.634, 0.895
2, 10.188, 50.100, 253.0, 3.807, 3.955
1, 3.720, 49.505, 202.9, 0.602, 0.505
2, 10.516, 49.505, 370.7, 6.575, 6.780
1, 4.547, 48.441, 248.0, 0.493, 0.410
2, 11.124, 48.441, 358.8, 5.003, 5.179
1, 3.754, 48.031, 204.7, 0.504, 0.416
2, 9.352, 48.031, 305.4, 4.954, 5.114
1, 4.624, 50.082, 252.2, 0.777, 0.803
2, 11.407, 50.082, 370.0, 6.979, 7.181
1, 5.760, 49.195, 314.2, 0.638, 0.652
2, 12.491, 49.195, 367.1, 5.342, 5.517
1, 4.674, 48.652, 254.9, 0.650, 0.661
1, 5.738, 50.660, 313.0, 0.971, 1.187
2, 12.367, 50.660, 361.6, 7.452, 7.656
1, 6.998, 50.119, 381.7, 0.801, 0.965
2, 13.863, 50.119, 374.4, 5.748, 5.930
1, 5.498, 49.310, 299.9, 0.813, 0.976
2, 11.039, 49.310, 302.2, 5.675, 5.839
1, 2.656, 45.090, 144.9, 0.234, 0.290
2, 5.584, 45.090, 159.7, 1.771, 1.934
1, 2.909, 44.528, 158.7, 0.200, 0.243
2, 5.711, 44.528, 152.8, 1.401, 1.526
1, 2.609, 44.136, 142.3, 0.202, 0.245
2, 5.133, 44.136, 137.7, 1.346, 1.450
1, 3.387, 45.757, 184.8, 0.315, 0.474
2, 6.357, 45.757, 162.0, 1.966, 2.130
1, 3.757, 45.317, 204.9, 0.270, 0.398
2, 6.687, 45.317, 159.8, 1.569, 1.697
1, 3.149, 45.031, 171.8, 0.272, 0.399
2, 5.585, 45.031, 132.8, 1.510, 1.614
1, 3.898, 46.480, 212.6, 0.412, 0.720
2, 7.946, 46.480, 220.8, 2.191, 2.361
1, 4.453, 46.203, 242.9, 0.356, 0.606
2, 7.826, 46.203, 184.0, 1.767, 1.904
1, 3.706, 45.944, 202.2, 0.357, 0.606
2, 7.822, 45.944, 224.5, 1.705, 1.814
1, 2.493, 44.369, 136.0, 0.323, 0.324
2, 5.999, 44.369, 191.2, 2.926, 3.081
1, 2.760, 43.884, 150.6, 0.277, 0.274
2, 6.105, 43.884, 182.4, 2.315, 2.442
1, 2.640, 43.516, 144.0, 0.277, 0.273
2, 5.874, 43.516, 176.4, 2.231, 2.345
1, 3.131, 44.858, 170.8, 0.423, 0.520
2, 6.669, 44.858, 193.0, 3.165, 3.317
1, 3.531, 44.435, 192.6, 0.364, 0.440
2, 6.997, 44.435, 189.0, 2.525, 2.652
1, 3.330, 44.201, 181.6, 0.363, 0.437
2, 6.611, 44.201, 179.0, 2.428, 2.540
1, 3.862, 45.639, 210.6, 0.538, 0.777
2, 7.494, 45.639, 198.1, 3.442, 3.599
1, 4.291, 45.142, 234.1, 0.465, 0.658
2, 7.837, 45.142, 193.4, 2.766, 2.900
1, 3.856, 44.853, 210.3, 0.462, 0.651
2, 7.049, 44.853, 174.2, 2.664, 2.780
1, 2.453, 43.980, 133.8, 0.430, 0.362
2, 6.730, 43.980, 233.3, 4.548, 4.721
1, 2.758, 43.338, 150.4, 0.370, 0.308
2, 6.773, 43.338, 219.0, 3.610, 3.761
1, 2.475, 43.304, 135.0, 0.367, 0.305
2, 6.126, 43.304, 199.1, 3.472, 3.615
1, 3.059, 44.391, 166.9, 0.556, 0.575
2, 7.260, 44.391, 229.1, 4.839, 5.008
1, 3.436, 43.886, 187.4, 0.479, 0.490
2, 7.497, 43.886, 221.5, 3.862, 4.012
1, 3.076, 43.772, 167.8, 0.474, 0.482
2, 6.734, 43.772, 199.5, 3.704, 3.846
1, 3.648, 44.804, 199.0, 0.695, 0.849
2, 7.846, 44.804, 229.0, 5.176, 5.347
1, 4.154, 44.592, 226.6, 0.601, 0.723
2, 8.289, 44.592, 225.6, 4.152, 4.307
1, 3.897, 44.260, 212.5, 0.593, 0.711
2, 7.789, 44.260, 212.3, 3.981, 4.126
1, 1.991, 40.443, 108.6, 0.189, 0.234
2, 4.164, 40.443, 118.5, 1.396, 1.520
1, 2.157, 40.181, 117.6, 0.167, 0.204
2, 4.384, 40.181, 121.5, 1.141, 1.237
1, 1.938, 40.069, 105.7, 0.164, 0.199
2, 3.808, 40.069, 102.0, 1.067, 1.147
1, 2.475, 40.914, 135.0, 0.254, 0.382
2, 4.653, 40.914, 118.8, 1.551, 1.676
1, 2.510, 40.783, 136.9, 0.226, 0.333
2, 4.576, 40.783, 112.7, 1.272, 1.370
1, 2.465, 40.759, 134.5, 0.221, 0.323
2, 4.382, 40.759, 104.6, 1.192, 1.271
1, 2.929, 41.429, 159.8, 0.333, 0.580
2, 5.602, 41.429, 145.8, 1.727, 1.856
1, 3.150, 41.437, 171.8, 0.297, 0.506
2, 6.269, 41.437, 170.1, 1.421, 1.524
1, 3.140, 41.452, 171.3, 0.290, 0.490
2, 6.356, 41.452, 175.4, 1.335, 1.419
1, 1.917, 39.892, 104.6, 0.260, 0.262
2, 4.677, 39.892, 150.6, 2.314, 2.437
1, 2.157, 39.692, 117.6, 0.232, 0.231
2, 4.991, 39.692, 154.6, 1.902, 2.005
1, 1.830, 39.584, 99.8, 0.225, 0.223
2, 4.060, 39.584, 121.6, 1.772, 1.866
1, 2.362, 40.235, 128.8, 0.341, 0.419
2, 5.018, 40.235, 144.9, 2.501, 2.623
1, 2.925, 40.096, 159.6, 0.305, 0.370
2, 6.004, 40.096, 167.9, 2.067, 2.169
1, 2.324, 40.110, 126.7, 0.295, 0.355
2, 4.596, 40.110, 124.0, 1.925, 2.018
1, 3.243, 40.610, 176.9, 0.390, 0.552
2, 6.096, 40.610, 155.6, 2.257, 2.364
1, 2.915, 40.608, 159.0, 0.376, 0.528
2, 5.300, 40.608, 130.1, 2.106, 2.202
1, 1.883, 39.587, 102.7, 0.347, 0.294
2, 5.015, 39.587, 170.8, 3.606, 3.751
1, 2.731, 39.269, 149.0, 0.311, 0.261
2, 7.063, 39.269, 236.3, 2.975, 3.105
1, 1.931, 39.429, 105.3, 0.298, 0.248
2, 4.736, 39.429, 153.0, 2.753, 2.879
1, 2.351, 39.890, 128.3, 0.449, 0.466
2, 5.593, 39.890, 176.8, 3.835, 3.977
1, 3.138, 39.681, 171.2, 0.403, 0.413
2, 7.136, 39.681, 218.1, 3.179, 3.308
1, 2.360, 39.787, 128.7, 0.385, 0.393
2, 5.134, 39.787, 151.3, 2.941, 3.064
1, 2.799, 40.181, 152.7, 0.561, 0.686
2, 5.927, 40.181, 170.6, 4.097, 4.241
1, 3.558, 40.227, 194.1, 0.504, 0.608
2, 7.351, 40.227, 206.9, 3.408, 3.540
1, 2.829, 40.154, 154.3, 0.482, 0.577
2, 5.600, 40.154, 151.2, 3.155, 3.281
1, 3.207, 34.936, 174.9, 0.216, 0.273
2, 7.414, 34.936, 229.5, 2.136, 2.182
1, 3.584, 34.160, 195.5, 0.178, 0.221
2, 7.537, 34.160, 215.6, 1.586, 1.624
1, 2.571, 33.422, 140.2, 0.174, 0.216
2, 5.457, 33.422, 157.4, 1.496, 1.527
1, 4.300, 35.724, 234.5, 0.290, 0.451
2, 8.778, 35.724, 244.2, 2.379, 2.426
1, 4.712, 35.032, 257.0, 0.239, 0.364
2, 8.860, 35.032, 226.3, 1.788, 1.828
1, 3.229, 34.313, 176.1, 0.234, 0.355
2, 6.023, 34.313, 152.4, 1.694, 1.726
1, 5.313, 36.540, 289.8, 0.376, 0.690
2, 9.896, 36.540, 250.0, 2.700, 2.751
1, 5.627, 35.942, 306.9, 0.313, 0.557
2, 9.784, 35.942, 226.8, 2.060, 2.103
1, 4.043, 35.245, 220.5, 0.307, 0.544
2, 7.034, 35.245, 163.1, 1.962, 1.997
1, 2.960, 34.190, 161.4, 0.303, 0.306
2, 8.201, 34.190, 285.9, 3.573, 3.614
1, 3.499, 33.462, 190.9, 0.252, 0.252
2, 8.416, 33.462, 268.2, 2.670, 2.705
1, 2.516, 32.755, 137.2, 0.246, 0.246
2, 6.089, 32.755, 194.9, 2.530, 2.561
1, 3.885, 34.770, 211.9, 0.398, 0.497
2, 9.144, 34.770, 286.9, 3.859, 3.901
1, 4.423, 34.067, 241.2, 0.330, 0.407
2, 9.398, 34.067, 271.4, 2.906, 2.943
1, 3.089, 33.431, 168.5, 0.323, 0.397
2, 6.559, 33.431, 189.3, 2.760, 2.791
1, 4.851, 35.543, 264.6, 0.505, 0.748
2, 10.294, 35.543, 296.9, 4.207, 4.251
1, 5.494, 34.803, 299.7, 0.420, 0.612
2, 10.648, 34.803, 281.1, 3.199, 3.238
1, 3.889, 34.106, 212.1, 0.411, 0.596
2, 7.573, 34.106, 201.0, 3.045, 3.079
1, 2.767, 33.764, 150.9, 0.409, 0.345
2, 8.826, 33.764, 330.5, 5.612, 5.656
1, 3.364, 32.943, 183.5, 0.341, 0.286
2, 9.094, 32.943, 312.5, 4.220, 4.260
1, 2.290, 32.446, 124.9, 0.333, 0.278
2, 6.204, 32.446, 213.5, 4.002, 4.040
1, 3.543, 34.233, 193.3, 0.530, 0.552
2, 9.653, 34.233, 333.3, 5.955, 6.000
1, 4.288, 33.489, 233.9, 0.442, 0.457
2, 10.148, 33.489, 319.7, 4.506, 4.548
1, 2.966, 32.926, 161.8, 0.431, 0.444
2, 6.983, 32.926, 219.1, 4.281, 4.319
1, 4.395, 34.721, 239.7, 0.662, 0.821
2, 10.455, 34.721, 330.5, 6.358, 6.405
1, 5.188, 34.137, 283.0, 0.553, 0.678
2, 11.105, 34.137, 322.7, 4.842, 4.885
1, 3.615, 33.445, 197.2, 0.539, 0.659
2, 3.615, 33.445, 0.0, 0.000, 0.000
1, 2.310, 32.500, 126.0, 0.166, 0.208
2, 5.166, 32.500, 155.8, 1.531, 1.575
1, 2.373, 31.897, 129.4, 0.142, 0.175
2, 4.967, 31.897, 141.5, 1.182, 1.217
1, 1.743, 31.410, 95.1, 0.137, 0.168
2, 3.641, 31.410, 103.5, 1.093, 1.122
1, 2.875, 33.119, 156.8, 0.222, 0.341
2, 5.773, 33.119, 158.1, 1.704, 1.749
1, 3.495, 32.589, 190.6, 0.191, 0.287
2, 6.557, 32.589, 167.0, 1.329, 1.366
1, 2.201, 32.154, 120.0, 0.183, 0.275
2, 4.113, 32.154, 104.3, 1.233, 1.263
1, 3.454, 33.775, 188.4, 0.288, 0.520
2, 6.341, 33.775, 157.5, 1.922, 1.970
1, 3.728, 33.344, 203.3, 0.250, 0.438
2, 6.474, 33.344, 149.8, 1.517, 1.557
1, 3.200, 32.924, 174.5, 0.240, 0.419
2, 5.545, 32.924, 128.0, 1.416, 1.448
1, 2.002, 31.883, 109.2, 0.233, 0.235
2, 5.350, 31.883, 182.6, 2.581, 2.624
1, 2.742, 31.317, 149.6, 0.201, 0.200
2, 6.536, 31.317, 206.9, 2.002, 2.039
1, 1.823, 30.846, 99.4, 0.192, 0.191
2, 4.343, 30.846, 137.5, 1.850, 1.884
1, 2.573, 32.345, 140.3, 0.305, 0.379
2, 5.956, 32.345, 184.5, 2.785, 2.828
1, 2.850, 31.812, 155.4, 0.264, 0.322
2, 6.033, 31.812, 173.6, 2.174, 2.211
1, 2.137, 31.410, 116.5, 0.252, 0.307
2, 4.513, 31.410, 129.6, 2.013, 2.047
1, 3.236, 32.975, 176.5, 0.387, 0.567
2, 6.756, 32.975, 192.0, 3.032, 3.077
1, 3.542, 32.406, 193.2, 0.335, 0.482
2, 6.850, 32.406, 180.4, 2.384, 2.424
1, 2.695, 31.971, 147.0, 0.320, 0.459
2, 5.154, 31.971, 134.1, 2.215, 2.251
1, 1.977, 31.530, 107.8, 0.314, 0.265
2, 5.957, 31.530, 217.1, 4.073, 4.122
1, 2.564, 30.884, 139.8, 0.273, 0.227
2, 6.866, 30.884, 234.7, 3.176, 3.221
1, 1.696, 30.589, 92.5, 0.259, 0.216
2, 4.519, 30.589, 154.0, 2.931, 2.975
1, 2.467, 31.907, 134.6, 0.407, 0.422
2, 6.444, 31.907, 216.9, 4.317, 4.366
1, 3.329, 31.330, 181.6, 0.352, 0.362
2, 7.827, 31.330, 245.3, 3.381, 3.427
1, 2.154, 30.991, 117.5, 0.335, 0.343
2, 5.029, 30.991, 156.8, 3.122, 3.167
1, 2.993, 32.299, 163.2, 0.508, 0.626
2, 7.012, 32.299, 219.2, 4.605, 4.656
1, 3.394, 31.873, 185.1, 0.441, 0.536
2, 7.241, 31.873, 209.9, 3.624, 3.673
1, 2.555, 31.420, 139.3, 0.418, 0.507
2, 5.358, 31.420, 152.9, 3.351, 3.397
1, 1.678, 30.393, 91.5, 0.138, 0.173
2, 3.780, 30.393, 114.6, 1.234, 1.275
1, 2.371, 29.949, 129.3, 0.123, 0.151
2, 4.917, 29.949, 138.9, 0.989, 1.022
1, 1.400, 29.628, 76.4, 0.115, 0.141
2, 2.879, 29.628, 80.7, 0.889, 0.916
1, 1.796, 30.254, 98.0, 0.155, 0.230
2, 3.350, 30.254, 84.8, 0.999, 1.027
1, 2.652, 31.382, 144.7, 0.240, 0.430
2, 4.851, 31.382, 119.9, 1.548, 1.593
1, 2.914, 31.137, 159.0, 0.216, 0.376
2, 5.052, 31.137, 116.6, 1.252, 1.289
1, 2.285, 30.894, 124.6, 0.202, 0.350
2, 4.297, 30.894, 109.8, 1.138, 1.169
1, 1.574, 29.883, 85.9, 0.194, 0.196
2, 4.245, 29.883, 145.7, 2.087, 2.128
1, 1.907, 29.467, 104.0, 0.174, 0.173
2, 4.517, 29.467, 142.4, 1.681, 1.717
1, 1.356, 29.149, 73.9, 0.162, 0.160
2, 3.211, 29.149, 101.2, 1.504, 1.537
1, 2.005, 30.248, 109.4, 0.254, 0.315
2, 4.588, 30.248, 140.9, 2.248, 2.290
1, 2.589, 29.870, 141.2, 0.228, 0.278
2, 5.447, 29.870, 155.9, 1.822, 1.858
1, 1.688, 29.622, 92.1, 0.212, 0.257
2, 3.500, 29.622, 98.8, 1.634, 1.667
1, 2.395, 30.765, 130.6, 0.322, 0.470
2, 4.971, 30.765, 140.5, 2.443, 2.487
1, 3.404, 30.349, 185.7, 0.289, 0.415
2, 6.562, 30.349, 172.3, 1.991, 2.030
1, 2.089, 30.091, 113.9, 0.269, 0.383
2, 3.952, 30.091, 101.6, 1.792, 1.827
1, 1.531, 29.585, 83.5, 0.262, 0.221
2, 4.546, 29.585, 164.5, 3.299, 3.348
1, 1.886, 29.102, 102.9, 0.235, 0.197
2, 5.023, 29.102, 171.1, 2.670, 2.716
1, 1.349, 28.936, 73.6, 0.217, 0.181
2, 3.559, 28.936, 120.5, 2.378, 2.423
1, 1.927, 29.891, 105.1, 0.339, 0.352
2, 5.057, 29.891, 170.7, 3.491, 3.541
1, 2.189, 29.471, 119.4, 0.304, 0.312
2, 5.112, 29.471, 159.4, 2.838, 2.885
1, 1.699, 29.272, 92.7, 0.281, 0.288
2, 3.942, 29.272, 122.3, 2.532, 2.578
1, 2.358, 30.202, 128.6, 0.422, 0.519
2, 5.454, 30.202, 168.9, 3.719, 3.771
1, 3.008, 29.926, 164.1, 0.380, 0.461
2, 6.399, 29.926, 185.0, 3.035, 3.085
1, 1.973, 29.628, 107.6, 0.351, 0.424
2, 4.139, 29.628, 118.2, 2.715, 2.762
1, 1.989, 59.461, 108.5, 0.141, 0.178
2, 3.841, 59.461, 101.0, 0.794, 1.214
1, 1.811, 58.814, 98.8, 0.116, 0.144
2, 3.273, 58.814, 79.7, 0.630, 0.953
1, 2.240, 58.646, 122.2, 0.137, 0.173
2, 4.153, 58.646, 104.4, 0.684, 0.954
1, 2.397, 59.933, 130.8, 0.192, 0.288
2, 4.175, 59.933, 96.9, 0.874, 1.281
1, 2.623, 59.487, 143.1, 0.158, 0.233
2, 4.336, 59.487, 93.4, 0.705, 1.024
1, 2.939, 59.430, 160.3, 0.183, 0.273
2, 4.865, 59.430, 105.0, 0.743, 1.001
1, 2.862, 60.528, 156.1, 0.255, 0.438
2, 5.877, 60.528, 164.5, 0.969, 1.373
1, 3.170, 60.080, 172.9, 0.212, 0.354
2, 5.531, 60.080, 128.8, 0.787, 1.108
1, 2.913, 60.033, 158.9, 0.240, 0.407
2, 5.444, 60.033, 138.0, 0.814, 1.067
1, 1.841, 58.815, 100.4, 0.187, 0.194
2, 3.915, 58.815, 113.1, 1.277, 1.669
1, 1.917, 58.355, 104.6, 0.155, 0.159
2, 3.849, 58.355, 105.4, 1.017, 1.322
1, 2.170, 58.178, 118.4, 0.175, 0.180
2, 4.428, 58.178, 123.2, 1.072, 1.340
1, 2.245, 59.313, 122.5, 0.246, 0.307
2, 4.299, 59.313, 112.0, 1.384, 1.763
1, 2.217, 58.829, 120.9, 0.205, 0.252
2, 4.026, 58.829, 98.7, 1.110, 1.406
1, 2.599, 58.746, 141.8, 0.228, 0.281
2, 4.714, 58.746, 115.4, 1.149, 1.402
1, 2.685, 59.914, 146.4, 0.316, 0.456
2, 4.734, 59.914, 111.8, 1.502, 1.878
1, 3.073, 59.447, 167.6, 0.265, 0.375
2, 5.185, 59.447, 115.2, 1.210, 1.507
1, 3.068, 59.486, 167.4, 0.291, 0.413
2, 5.132, 59.486, 112.6, 1.242, 1.488
1, 1.371, 43.912, 74.8, 0.172, 0.152
2, 3.001, 43.912, 88.9, 1.318, 1.518
1, 1.295, 44.187, 70.7, 0.152, 0.133
2, 2.596, 44.187, 70.9, 1.107, 1.266
1, 1.531, 44.690, 83.5, 0.155, 0.137
2, 3.358, 44.690, 99.7, 1.083, 1.228
1, 1.716, 44.086, 93.6, 0.223, 0.237
2, 3.521, 44.086, 98.5, 1.402, 1.595
1, 1.641, 44.375, 89.5, 0.197, 0.208
2, 2.994, 44.375, 73.8, 1.183, 1.335
1, 1.719, 44.961, 93.8, 0.200, 0.211
2, 3.373, 44.961, 90.2, 1.148, 1.287
1, 1.957, 44.154, 106.7, 0.280, 0.347
2, 3.713, 44.154, 95.8, 1.494, 1.683
1, 1.795, 44.647, 97.9, 0.249, 0.304
2, 3.218, 44.647, 77.6, 1.260, 1.411
1, 2.125, 45.187, 115.9, 0.250, 0.306
2, 3.830, 45.187, 93.0, 1.220, 1.353
1, 1.107, 35.533, 60.4, 0.079, 0.100
2, 1.107, 35.533, 53.3, 0.400, 0.552
1, -35.910, 35.910, 50.1, 0.071, 0.089
2, -35.910, 35.910, 40.5, 0.340, 0.450
1, 2.072, 36.419, 113.0, 0.073, 0.092
2, 3.746, 36.419, 91.3, 0.329, 0.414
1, 1.201, 35.634, 65.5, 0.108, 0.161
2, 1.201, 35.634, 47.9, 0.443, 0.586
1, 1.190, 36.061, 64.9, 0.097, 0.143
2, 1.190, 36.061, 42.7, 0.373, 0.477
1, 2.481, 36.636, 135.3, 0.098, 0.145
2, 4.045, 36.636, 85.3, 0.356, 0.436
1, 1.457, 35.764, 79.5, 0.144, 0.243
2, 2.510, 35.764, 57.5, 0.491, 0.628
1, 1.432, 36.209, 78.1, 0.129, 0.215
2, 2.467, 36.209, 56.5, 0.407, 0.508
1, 3.051, 36.777, 166.4, 0.129, 0.215
2, 4.646, 36.777, 87.0, 0.388, 0.463
1, 1.079, 35.308, 58.9, 0.106, 0.112
2, 2.278, 35.308, 65.4, 0.665, 0.798
1, -35.759, 35.759, 50.9, 0.096, 0.100
2, -35.759, 35.759, 50.8, 0.569, 0.669
1, 1.799, 36.244, 98.1, 0.095, 0.100
2, 3.597, 36.244, 98.1, 0.538, 0.621
1, 1.340, 35.397, 73.1, 0.140, 0.175
2, 2.563, 35.397, 66.7, 0.716, 0.844
1, 1.089, 35.862, 59.4, 0.127, 0.157
2, 1.089, 35.862, 49.6, 0.614, 0.708
1, 2.297, 36.399, 125.3, 0.124, 0.154
2, 4.124, 36.399, 99.6, 0.575, 0.653
1, 1.433, 35.519, 78.2, 0.180, 0.259
2, 2.535, 35.519, 60.1, 0.773, 0.897
1, 1.343, 36.018, 73.3, 0.163, 0.232
2, 1.343, 36.018, 50.9, 0.661, 0.753
1, 3.049, 36.619, 166.3, 0.159, 0.226
2, 5.088, 36.619, 111.2, 0.617, 0.692
1, 1.153, 35.178, 62.9, 0.139, 0.124
2, 2.555, 35.178, 76.5, 1.030, 1.155
1, 1.072, 35.696, 58.5, 0.126, 0.112
2, 2.138, 35.696, 58.1, 0.884, 0.982
1, 1.668, 36.279, 91.0, 0.122, 0.108
1, 1.365, 35.265, 74.4, 0.180, 0.192
2, 2.743, 35.265, 75.2, 1.091, 1.211
1, 1.351, 35.788, 73.7, 0.164, 0.174
2, 2.433, 35.788, 59.0, 0.942, 1.035
1, 1.835, 36.435, 100.1, 0.157, 0.167
2, 3.580, 36.435, 95.2, 0.872, 0.954
1, 1.679, 35.279, 91.6, 0.227, 0.281
2, 3.054, 35.279, 75.0, 1.162, 1.278
1, 1.470, 35.939, 80.2, 0.206, 0.253
2, 2.530, 35.939, 57.8, 1.000, 1.092
1, 2.524, 36.550, 137.7, 0.197, 0.242
2, 4.550, 36.550, 110.5, 0.925, 1.004
1, 1.499, 35.921, 81.8, 0.081, 0.103
2, 3.046, 35.921, 84.4, 0.605, 0.683
1, 1.609, 35.119, 87.8, 0.068, 0.084
2, 3.114, 35.119, 82.1, 0.471, 0.534
1, 1.436, 34.518, 78.3, 0.072, 0.090
2, 2.844, 34.518, 76.8, 0.476, 0.531
1, 1.800, 36.492, 98.2, 0.108, 0.165
2, 3.342, 36.492, 84.1, 0.671, 0.750
1, 2.052, 35.803, 111.9, 0.091, 0.136
2, 3.598, 35.803, 84.3, 0.529, 0.595
1, 1.725, 35.240, 94.1, 0.097, 0.144
2, 3.050, 35.240, 72.3, 0.529, 0.584
1, 2.203, 37.106, 120.2, 0.141, 0.249
2, 3.987, 37.106, 97.3, 0.758, 0.839
1, 2.479, 36.473, 135.2, 0.120, 0.206
2, 4.050, 36.473, 85.7, 0.600, 0.669
1, 2.092, 35.920, 114.1, 0.126, 0.217
2, 3.873, 35.920, 97.1, 0.596, 0.653
1, 1.354, 35.297, 73.9, 0.111, 0.114
2, 3.197, 35.297, 100.5, 0.986, 1.059
1, 1.513, 34.546, 82.5, 0.093, 0.094
2, 3.297, 34.546, 97.3, 0.768, 0.829
1, 1.397, 33.947, 76.2, 0.097, 0.098
2, 3.107, 33.947, 93.3, 0.769, 0.824
1, 1.680, 35.801, 91.6, 0.145, 0.180
2, 3.527, 35.801, 100.8, 1.060, 1.134
1, 1.949, 35.047, 106.3, 0.122, 0.149
2, 3.801, 35.047, 101.0, 0.833, 0.895
1, 1.707, 34.483, 93.1, 0.127, 0.155
2, 3.371, 34.483, 90.8, 0.831, 0.885
1, 2.113, 36.363, 115.2, 0.183, 0.267
2, 4.027, 36.363, 104.4, 1.150, 1.226
1, 2.386, 35.625, 130.2, 0.155, 0.222
2, 4.291, 35.625, 103.9, 0.913, 0.978
1, 2.038, 35.098, 111.1, 0.161, 0.229
2, 3.688, 35.098, 90.0, 0.907, 0.962
1, 1.266, 34.945, 69.1, 0.146, 0.126
2, 3.423, 34.945, 117.6, 1.514, 1.588
1, 1.457, 34.209, 79.5, 0.123, 0.105
2, 3.528, 34.209, 113.0, 1.184, 1.247
1, 1.377, 33.712, 75.1, 0.127, 0.107
2, 3.393, 33.712, 110.0, 1.178, 1.236
1, 1.599, 35.330, 87.2, 0.188, 0.197
2, 3.735, 35.330, 116.5, 1.599, 1.673
1, 1.874, 34.613, 102.2, 0.159, 0.165
2, 4.023, 34.613, 117.2, 1.260, 1.324
1, 1.753, 34.150, 95.6, 0.163, 0.168
2, 3.815, 34.150, 112.5, 1.250, 1.309
1, 1.940, 35.686, 105.8, 0.234, 0.289
2, 4.082, 35.686, 116.9, 1.702, 1.777
1, 2.349, 35.101, 128.1, 0.199, 0.241
2, 4.612, 35.101, 123.4, 1.350, 1.416
1, 2.085, 34.597, 113.7, 0.204, 0.246
2, 4.137, 34.597, 111.9, 1.337, 1.396
1, -30.508, 30.508, 52.0, 0.058, 0.073
2, 1.013, 30.508, 55.2, 0.413, 0.465
1, -30.098, 30.098, 49.6, 0.051, 0.064
2, -30.098, 30.098, 47.0, 0.339, 0.380
1, -29.885, 29.885, 53.2, 0.052, 0.065
2, -29.885, 29.885, 51.8, 0.329, 0.363
1, 1.113, 30.844, 60.7, 0.078, 0.118
2, 1.113, 30.844, 52.4, 0.462, 0.514
1, 1.205, 30.551, 65.7, 0.069, 0.103
2, 1.205, 30.551, 50.7, 0.379, 0.421
1, 1.224, 30.376, 66.8, 0.070, 0.104
2, 1.224, 30.376, 50.9, 0.364, 0.398
1, 1.383, 31.133, 75.4, 0.102, 0.178
2, 2.592, 31.133, 66.0, 0.522, 0.576
1, 1.508, 30.976, 82.2, 0.091, 0.156
2, 2.564, 30.976, 57.6, 0.425, 0.468
1, 1.477, 30.828, 80.5, 0.091, 0.156
2, 2.597, 30.828, 61.1, 0.407, 0.442
1, 1.042, 30.091, 56.9, 0.079, 0.082
2, 2.229, 30.091, 64.7, 0.681, 0.729
1, -29.710, 29.710, 50.8, 0.071, 0.072
2, 1.038, 29.710, 56.6, 0.560, 0.600
1, -29.476, 29.476, 50.6, 0.070, 0.071
2, 1.126, 29.476, 61.4, 0.535, 0.571
1, 1.222, 30.408, 66.7, 0.104, 0.129
2, 2.414, 30.408, 65.0, 0.735, 0.783
1, 1.125, 30.033, 61.3, 0.093, 0.114
2, 2.186, 30.033, 57.9, 0.607, 0.647
1, 1.158, 29.842, 63.2, 0.092, 0.112
2, 2.279, 29.842, 61.1, 0.578, 0.614
1, 1.522, 30.745, 83.0, 0.132, 0.191
2, 2.743, 30.745, 66.6, 0.799, 0.849
1, 1.387, 30.411, 75.7, 0.118, 0.169
2, 2.517, 30.411, 61.6, 0.663, 0.704
1, 1.394, 30.264, 76.0, 0.117, 0.166
2, 2.480, 30.264, 59.3, 0.630, 0.667
1, 1.074, 29.846, 58.6, 0.105, 0.091
2, 2.451, 29.846, 75.1, 1.055, 1.106
1, -29.485, 29.485, 53.9, 0.094, 0.081
2, 1.211, 29.485, 66.1, 0.871, 0.916
1, -29.317, 29.317, 53.5, 0.092, 0.079
2, 1.215, 29.317, 66.3, 0.822, 0.865
1, 1.240, 30.097, 67.7, 0.135, 0.142
2, 2.628, 30.097, 75.7, 1.116, 1.167
1, 1.178, 29.750, 64.3, 0.121, 0.126
2, 2.423, 29.750, 67.9, 0.926, 0.971
1, 1.174, 29.620, 64.0, 0.119, 0.123
2, 2.541, 29.620, 74.6, 0.874, 0.917
1, 1.526, 30.310, 83.2, 0.169, 0.208
2, 2.915, 30.310, 75.8, 1.189, 1.241
1, 1.484, 30.068, 81.0, 0.152, 0.185
2, 2.738, 30.068, 68.4, 0.991, 1.038
1, 1.486, 29.921, 81.0, 0.148, 0.179
2, 2.865, 29.921, 75.2, 0.935, 0.978
1, -26.375, 26.375, 37.2, 0.043, 0.054
2, -26.375, 26.375, 36.1, 0.275, 0.302
1, 1.312, 26.356, 71.5, 0.042, 0.052
2, 2.578, 26.356, 69.1, 0.257, 0.280
1, -26.761, 26.761, 50.4, 0.063, 0.096
2, -26.761, 26.761, 40.9, 0.366, 0.402
1, -26.665, 26.665, 47.6, 0.058, 0.086
2, -26.665, 26.665, 37.4, 0.306, 0.334
1, 1.608, 26.699, 87.7, 0.056, 0.084
2, 2.823, 26.699, 66.3, 0.284, 0.307
1, 1.076, 26.996, 58.7, 0.083, 0.144
2, 1.076, 26.996, 53.3, 0.412, 0.450
1, 1.081, 26.953, 59.0, 0.076, 0.130
2, 1.081, 26.953, 41.9, 0.339, 0.369
1, 1.825, 27.008, 99.5, 0.074, 0.125
2, 2.967, 27.008, 62.3, 0.316, 0.339
1, -26.252, 26.252, 47.3, 0.065, 0.067
2, -26.252, 26.252, 50.2, 0.544, 0.577
1, -26.098, 26.098, 43.6, 0.059, 0.061
2, -26.098, 26.098, 44.4, 0.457, 0.485
1, 1.219, 26.052, 66.5, 0.057, 0.058
2, 2.673, 26.052, 79.3, 0.422, 0.447
1, -26.440, 26.440, 53.9, 0.085, 0.105
2, -26.440, 26.440, 48.8, 0.587, 0.620
1, -26.316, 26.316, 53.3, 0.077, 0.095
2, -26.316, 26.316, 44.8, 0.495, 0.522
1, 1.550, 26.308, 84.6, 0.074, 0.091
2, 3.035, 26.308, 81.0, 0.456, 0.480
1, 1.199, 26.648, 65.4, 0.107, 0.156
2, 1.199, 26.648, 50.2, 0.638, 0.673
1, 1.131, 26.572, 61.7, 0.098, 0.141
2, 1.131, 26.572, 46.1, 0.538, 0.566
1, 1.745, 26.606, 95.2, 0.095, 0.134
2, 3.139, 26.606, 76.0, 0.495, 0.520
1, -26.068, 26.068, 49.2, 0.086, 0.075
2, 1.084, 26.068, 59.2, 0.846, 0.882
1, -25.940, 25.940, 46.0, 0.078, 0.068
2, -25.940, 25.940, 52.0, 0.715, 0.747
1, 1.419, 25.941, 77.4, 0.075, 0.064
2, 3.436, 25.941, 110.0, 0.652, 0.683
1, 1.159, 26.232, 63.2, 0.110, 0.117
2, 2.203, 26.232, 57.0, 0.895, 0.931
1, 1.093, 26.118, 59.6, 0.101, 0.106
2, 1.093, 26.118, 52.3, 0.759, 0.791
1, 1.509, 26.157, 82.3, 0.096, 0.100
2, 3.241, 26.157, 94.5, 0.691, 0.722
1, 1.302, 26.362, 71.0, 0.138, 0.170
2, 2.352, 26.362, 57.3, 0.953, 0.990
1, 1.225, 26.338, 66.8, 0.127, 0.155
2, 1.225, 26.338, 53.6, 0.810, 0.843
1, 1.797, 26.364, 98.0, 0.120, 0.146
2, 3.531, 26.364, 94.6, 0.738, 0.770
1, 1.345, 25.502, 73.3, 0.055, 0.071
2, 2.966, 25.502, 88.5, 0.513, 0.531
1, 1.278, 24.804, 69.7, 0.047, 0.059
2, 2.646, 24.804, 74.6, 0.392, 0.407
1, 1.016, 24.228, 55.4, 0.046, 0.059
2, 2.143, 24.228, 61.5, 0.373, 0.386
1, 1.690, 26.005, 92.2, 0.074, 0.115
2, 3.312, 26.005, 88.5, 0.570, 0.589
1, 1.262, 24.821, 68.8, 0.062, 0.095
2, 2.368, 24.821, 60.3, 0.417, 0.430
1, 2.072, 26.530, 113.0, 0.095, 0.174
2, 3.729, 26.530, 90.4, 0.653, 0.673
1, 2.064, 25.963, 112.6, 0.082, 0.145
2, 3.556, 25.963, 81.3, 0.504, 0.521
1, 1.580, 25.406, 86.2, 0.081, 0.143
2, 2.724, 25.406, 62.4, 0.480, 0.493
1, 1.192, 24.983, 65.0, 0.077, 0.080
2, 3.078, 24.983, 102.9, 0.852, 0.869
1, 1.204, 24.304, 65.7, 0.066, 0.067
2, 2.848, 24.304, 89.7, 0.654, 0.668
1, 1.012, 23.735, 55.2, 0.065, 0.066
2, 2.409, 23.735, 76.2, 0.621, 0.633
1, 1.504, 25.409, 82.0, 0.101, 0.127
2, 3.399, 25.409, 103.4, 0.914, 0.931
1, 1.554, 24.730, 84.7, 0.086, 0.107
2, 3.251, 24.730, 92.6, 0.707, 0.721
1, 1.328, 24.176, 72.4, 0.084, 0.104
2, 2.801, 24.176, 80.4, 0.671, 0.683
1, 1.827, 25.876, 99.6, 0.127, 0.189
2, 3.739, 25.876, 104.3, 0.991, 1.009
1, 1.909, 25.208, 104.1, 0.109, 0.159
2, 3.648, 25.208, 94.9, 0.773, 0.788
1, 1.561, 24.667, 85.1, 0.107, 0.155
2, 3.000, 24.667, 78.5, 0.734, 0.747
1, 1.078, 24.676, 58.8, 0.103, 0.089
2, 3.176, 24.676, 114.4, 1.332, 1.349
1, 1.205, 24.007, 65.7, 0.088, 0.076
2, 3.171, 24.007, 107.2, 1.027, 1.043
1, -23.494, 23.494, 54.5, 0.086, 0.073
2, 1.663, 23.494, 90.7, 0.972, 0.986
1, 1.348, 25.005, 73.5, 0.133, 0.141
2, 3.446, 25.005, 114.4, 1.403, 1.420
1, 1.575, 24.343, 85.9, 0.114, 0.119
2, 3.640, 24.343, 112.6, 1.089, 1.104
1, 1.265, 23.843, 69.0, 0.111, 0.116
2, 2.951, 23.843, 92.0, 1.031, 1.046
1, 1.650, 25.331, 90.0, 0.166, 0.207
2, 3.803, 25.331, 117.4, 1.490, 1.508
1, 1.826, 24.735, 99.6, 0.143, 0.175
2, 3.851, 24.735, 110.4, 1.163, 1.180
1, 1.558, 24.211, 85.0, 0.139, 0.170
2, 3.292, 24.211, 94.6, 1.102, 1.117
1, -23.051, 23.051, 46.2, 0.042, 0.054
2, -23.051, 23.051, 52.7, 0.365, 0.381
1, -22.559, 22.559, 41.8, 0.038, 0.047
2, -22.559, 22.559, 45.8, 0.295, 0.308
1, -22.210, 22.210, 42.2, 0.036, 0.045
2, -22.210, 22.210, 46.0, 0.270, 0.280
1, 1.057, 23.395, 57.6, 0.056, 0.086
2, 1.057, 23.395, 52.9, 0.408, 0.424
1, -22.994, 22.994, 54.5, 0.050, 0.076
2, -22.994, 22.994, 47.2, 0.329, 0.342
1, -22.668, 22.668, 51.8, 0.048, 0.072
2, -22.668, 22.668, 44.6, 0.301, 0.312
1, 1.254, 23.710, 68.4, 0.073, 0.130
1, 1.208, 23.420, 65.9, 0.065, 0.115
2, 1.208, 23.420, 48.2, 0.373, 0.387
1, 1.112, 23.113, 60.6, 0.063, 0.109
2, 1.112, 23.113, 43.4, 0.343, 0.355
1, -22.668, 22.668, 41.3, 0.058, 0.061
2, 1.143, 22.668, 62.3, 0.613, 0.627
1, -22.176, 22.176, 39.8, 0.052, 0.054
2, 1.003, 22.176, 54.7, 0.496, 0.509
1, -21.817, 21.817, 41.0, 0.050, 0.051
2, 1.027, 21.817, 56.0, 0.451, 0.462
1, -22.975, 22.975, 52.9, 0.076, 0.096
2, 1.175, 22.975, 64.1, 0.658, 0.673
1, -22.494, 22.494, 49.8, 0.069, 0.085
2, 1.020, 22.494, 55.6, 0.536, 0.549
1, -22.158, 22.158, 47.6, 0.065, 0.080
2, -22.158, 22.158, 51.9, 0.487, 0.498
1, 1.161, 23.298, 63.3, 0.096, 0.142
2, 2.351, 23.298, 64.9, 0.715, 0.731
1, 1.132, 22.852, 61.8, 0.087, 0.126
2, 2.178, 22.852, 57.0, 0.584, 0.598
1, 1.206, 22.540, 65.8, 0.082, 0.118
2, 2.302, 22.540, 59.8, 0.532, 0.544
1, -22.431, 22.431, 41.1, 0.078, 0.068
2, 1.318, 22.431, 71.9, 0.964, 0.980
1, -21.950, 21.950, 38.3, 0.071, 0.061
2, 1.184, 21.950, 64.6, 0.784, 0.799
1, -21.628, 21.628, 37.4, 0.066, 0.057
2, 1.116, 21.628, 60.9, 0.707, 0.721
1, -22.675, 22.675, 47.2, 0.101, 0.107
2, 1.336, 22.675, 72.9, 1.014, 1.031
1, -22.203, 22.203, 48.2, 0.091, 0.095
2, 1.200, 22.203, 65.5, 0.829, 0.845
1, -21.902, 21.902, 52.3, 0.086, 0.089
2, 1.256, 21.902, 68.5, 0.749, 0.764
1, 1.067, 22.906, 58.2, 0.126, 0.156
2, 2.429, 22.906, 74.3, 1.077, 1.094
1, 1.064, 22.497, 58.1, 0.114, 0.139
2, 2.269, 22.497, 65.7, 0.885, 0.900
1, 1.180, 22.185, 64.4, 0.107, 0.130
2, 2.474, 22.185, 70.6, 0.800, 0.815
1, -21.049, 21.049, 32.1, 0.035, 0.045
2, -21.049, 21.049, 39.0, 0.296, 0.309
1, -20.712, 20.712, 31.3, 0.032, 0.040
1, 1.088, 20.507, 59.4, 0.030, 0.038
2, 2.259, 20.507, 63.9, 0.218, 0.227
1, -21.299, 21.299, 41.5, 0.047, 0.072
2, -21.299, 21.299, 39.5, 0.330, 0.343
1, -21.028, 21.028, 40.3, 0.043, 0.065
2, -21.028, 21.028, 35.4, 0.272, 0.283
1, 1.430, 20.863, 78.0, 0.040, 0.060
2, 2.647, 20.863, 66.3, 0.243, 0.252
1, -21.557, 21.557, 51.4, 0.061, 0.108
2, -21.557, 21.557, 41.0, 0.375, 0.389
1, -21.343, 21.343, 51.0, 0.056, 0.098
2, -21.343, 21.343, 37.7, 0.306, 0.318
1, 1.464, 21.204, 79.9, 0.052, 0.091
2, 2.495, 21.204, 56.3, 0.274, 0.284
1, -20.761, 20.761, 31.7, 0.049, 0.051
2, -20.761, 20.761, 47.0, 0.498, 0.510
1, -20.414, 20.414, 30.2, 0.045, 0.046
2, -20.414, 20.414, 43.9, 0.413, 0.424
1, 1.046, 20.188, 57.1, 0.042, 0.042
2, 2.452, 20.188, 76.7, 0.365, 0.375
1, -20.972, 20.972, 38.6, 0.063, 0.080
2, -20.972, 20.972, 47.3, 0.535, 0.548
1, -20.654, 20.654, 37.9, 0.058, 0.072
2, -20.654, 20.654, 43.6, 0.445, 0.456
1, 1.249, 20.455, 68.1, 0.054, 0.067
2, 2.595, 20.455, 73.4, 0.394, 0.404
1, -21.196, 21.196, 47.2, 0.080, 0.118
2, -21.196, 21.196, 48.7, 0.582, 0.595
1, -20.925, 20.925, 46.0, 0.074, 0.107
2, -20.925, 20.925, 44.7, 0.484, 0.496
1, 1.566, 20.754, 85.4, 0.069, 0.099
2, 2.973, 20.754, 76.7, 0.429, 0.440
1, -20.573, 20.573, 34.2, 0.065, 0.057
2, 1.009, 20.573, 55.0, 0.785, 0.799
1, -20.238, 20.238, 32.3, 0.060, 0.052
2, -20.238, 20.238, 50.5, 0.655, 0.668
1, -20.040, 20.040, 52.0, 0.055, 0.048
2, 1.524, 20.040, 83.1, 0.573, 0.586
1, -20.753, 20.753, 41.6, 0.084, 0.089
2, 1.003, 20.753, 54.7, 0.826, 0.840
1, -20.430, 20.430, 39.1, 0.077, 0.081
2, -20.430, 20.430, 50.8, 0.692, 0.705
1, 1.131, 20.256, 61.7, 0.071, 0.074
2, 2.590, 20.256, 79.5, 0.607, 0.620
1, -20.655, 20.655, 44.6, 0.097, 0.119
2, -20.655, 20.655, 52.7, 0.737, 0.751
1, 1.460, 20.474, 79.6, 0.089, 0.108
2, 3.040, 20.474, 86.2, 0.647, 0.660
1, -43.320, 43.320, 51.2, 0.053, 0.069
2, -43.320, 43.320, 45.2, 0.280, 0.456
1, -42.957, 42.957, 50.1, 0.045, 0.057
2, -42.957, 42.957, 43.6, 0.226, 0.362
1, 1.114, 42.913, 60.8, 0.054, 0.071
2, 1.114, 42.913, 53.7, 0.262, 0.377
1, 1.194, 43.755, 65.2, 0.072, 0.109
2, 1.194, 43.755, 46.9, 0.312, 0.486
1, 1.119, 43.388, 61.1, 0.061, 0.091
2, 1.119, 43.388, 42.2, 0.254, 0.389
1, 1.307, 43.457, 71.3, 0.072, 0.110
2, 1.307, 43.457, 47.8, 0.280, 0.391
1, 1.358, 44.103, 74.1, 0.096, 0.165
2, 3.161, 44.103, 98.4, 0.349, 0.524
1, 1.407, 43.808, 76.8, 0.081, 0.137
2, 2.871, 43.808, 79.9, 0.284, 0.419
1, 2.137, 43.990, 116.6, 0.094, 0.162
2, 3.754, 43.990, 88.2, 0.302, 0.411
1, -43.076, 43.076, 49.8, 0.070, 0.075
2, 1.057, 43.076, 57.6, 0.453, 0.617
1, -42.638, 42.638, 44.3, 0.059, 0.063
2, -42.638, 42.638, 45.4, 0.367, 0.496
1, 1.009, 42.629, 55.0, 0.068, 0.073
2, 2.068, 42.629, 57.8, 0.402, 0.517
1, 1.115, 43.298, 60.8, 0.092, 0.117
2, 1.115, 43.298, 53.8, 0.489, 0.650
1, 1.054, 42.981, 57.5, 0.078, 0.098
2, 1.054, 42.981, 46.2, 0.401, 0.528
1, 1.197, 42.918, 65.3, 0.088, 0.112
2, 1.197, 42.918, 53.2, 0.427, 0.536
1, 1.312, 43.608, 71.6, 0.118, 0.172
2, 1.312, 43.608, 53.1, 0.530, 0.691
1, 1.301, 43.330, 70.9, 0.101, 0.145
2, 1.301, 43.330, 50.8, 0.438, 0.564
1, 1.415, 43.435, 77.2, 0.112, 0.163
2, 1.415, 43.435, 51.4, 0.457, 0.563
1, 1.069, 42.825, 58.3, 0.090, 0.082
2, 2.176, 42.825, 60.4, 0.687, 0.846
1, -42.550, 42.550, 49.0, 0.077, 0.070
2, 1.020, 42.550, 55.6, 0.558, 0.687
1, 1.035, 42.573, 56.5, 0.085, 0.077
2, 2.182, 42.573, 62.5, 0.590, 0.706
1, 1.232, 43.044, 67.2, 0.117, 0.126
2, 2.332, 43.044, 60.0, 0.731, 0.887
1, 1.099, 42.751, 59.9, 0.100, 0.107
2, 2.232, 42.751, 61.8, 0.600, 0.724
1, 1.149, 42.923, 62.7, 0.109, 0.117
2, 2.256, 42.923, 60.4, 0.622, 0.734
1, 1.440, 43.206, 78.6, 0.146, 0.183
1, 1.305, 43.021, 71.2, 0.126, 0.155
2, 2.317, 43.021, 55.2, 0.642, 0.767
1, 1.351, 43.263, 73.7, 0.136, 0.169
2, 2.386, 43.263, 56.4, 0.659, 0.768
1, -31.423, 31.423, 35.3, 0.038, 0.049
2, -31.423, 31.423, 31.1, 0.186, 0.280
1, -31.463, 31.463, 31.7, 0.033, 0.043
2, -31.463, 31.463, 25.2, 0.155, 0.225
1, -31.780, 31.780, 45.5, 0.036, 0.048
2, -31.780, 31.780, 37.2, 0.164, 0.219
1, -31.564, 31.564, 42.9, 0.051, 0.078
2, -31.564, 31.564, 31.6, 0.207, 0.298
1, -31.614, 31.614, 41.1, 0.045, 0.068
2, -31.614, 31.614, 26.5, 0.171, 0.239
1, -32.036, 32.036, 52.5, 0.049, 0.074
2, -32.036, 32.036, 33.2, 0.175, 0.228
1, -31.745, 31.745, 51.0, 0.068, 0.117
2, -31.745, 31.745, 40.9, 0.231, 0.321
1, -31.757, 31.757, 52.2, 0.061, 0.102
2, -31.757, 31.757, 39.5, 0.188, 0.255
1, 1.500, 32.283, 81.8, 0.064, 0.109
2, 1.500, 32.283, 47.4, 0.189, 0.240
1, -31.229, 31.229, 39.6, 0.050, 0.054
2, -31.229, 31.229, 43.7, 0.306, 0.390
1, -31.316, 31.316, 34.2, 0.045, 0.048
2, -31.316, 31.316, 31.4, 0.259, 0.323
1, -31.619, 31.619, 40.1, 0.047, 0.051
2, -31.619, 31.619, 39.4, 0.260, 0.313
1, -31.293, 31.293, 42.3, 0.066, 0.084
2, -31.293, 31.293, 38.7, 0.330, 0.412
1, -31.458, 31.458, 39.1, 0.059, 0.074
2, -31.458, 31.458, 31.2, 0.281, 0.342
1, -31.745, 31.745, 47.4, 0.061, 0.077
2, -31.745, 31.745, 36.8, 0.276, 0.327
1, -31.427, 31.427, 52.0, 0.085, 0.123
2, -31.427, 31.427, 40.4, 0.358, 0.438
1, -31.609, 31.609, 48.5, 0.076, 0.109
2, -31.609, 31.609, 30.9, 0.303, 0.363
1, 1.033, 31.993, 56.3, 0.077, 0.112
2, 1.033, 31.993, 36.4, 0.295, 0.344
1, -31.076, 31.076, 43.1, 0.065, 0.060
2, -31.076, 31.076, 47.7, 0.472, 0.549
1, -31.281, 31.281, 40.3, 0.058, 0.053
2, -31.281, 31.281, 36.5, 0.400, 0.461
1, -31.593, 31.593, 40.9, 0.059, 0.054
2, -31.593, 31.593, 43.6, 0.390, 0.443
1, -31.359, 31.359, 47.3, 0.075, 0.082
2, -31.359, 31.359, 38.3, 0.427, 0.485
1, -31.759, 31.759, 45.8, 0.076, 0.083
2, -31.759, 31.759, 43.0, 0.411, 0.463
1, 1.116, 31.234, 60.9, 0.106, 0.133
2, 1.116, 31.234, 47.2, 0.532, 0.606
1, 1.062, 31.463, 57.9, 0.095, 0.118
2, 1.062, 31.463, 36.1, 0.455, 0.512
1, 1.012, 31.914, 55.2, 0.095, 0.118
2, 1.012, 31.914, 39.7, 0.435, 0.485
1, -24.683, 24.683, 30.8, 0.031, 0.040
2, -24.683, 24.683, 26.1, 0.143, 0.202
1, -24.872, 24.872, 24.6, 0.028, 0.036
2, -24.872, 24.872, 19.9, 0.121, 0.165
1, -25.067, 25.067, 34.9, 0.024, 0.032
2, -25.067, 25.067, 26.0, 0.105, 0.134
1, -24.757, 24.757, 35.6, 0.041, 0.063
2, -24.757, 24.757, 25.6, 0.160, 0.216
1, -24.907, 24.907, 31.8, 0.038, 0.056
2, -24.907, 24.907, 20.4, 0.133, 0.175
1, -25.191, 25.191, 39.0, 0.033, 0.050
2, -25.191, 25.191, 23.3, 0.116, 0.143
1, -24.876, 24.876, 44.4, 0.055, 0.094
2, -24.876, 24.876, 43.7, 0.178, 0.233
1, -24.950, 24.950, 38.1, 0.050, 0.084
2, -24.950, 24.950, 24.8, 0.147, 0.188
1, -25.317, 25.317, 46.7, 0.045, 0.074
2, -25.317, 25.317, 25.9, 0.128, 0.154
1, -24.518, 24.518, 33.6, 0.041, 0.044
2, -24.518, 24.518, 35.9, 0.237, 0.289
1, -24.778, 24.778, 29.2, 0.037, 0.040
2, -24.778, 24.778, 27.4, 0.205, 0.243
1, -24.975, 24.975, 35.4, 0.033, 0.036
2, -24.975, 24.975, 32.4, 0.176, 0.202
1, -24.542, 24.542, 38.0, 0.054, 0.068
2, -24.542, 24.542, 33.4, 0.256, 0.306
1, -24.834, 24.834, 32.5, 0.049, 0.062
2, -24.834, 24.834, 24.7, 0.220, 0.257
1, -25.032, 25.032, 42.9, 0.043, 0.055
2, -25.032, 25.032, 31.9, 0.190, 0.215
1, -24.618, 24.618, 41.2, 0.069, 0.100
2, -24.618, 24.618, 31.1, 0.278, 0.326
1, -24.869, 24.869, 41.1, 0.063, 0.090
2, -24.869, 24.869, 24.7, 0.237, 0.273
1, -25.160, 25.160, 49.6, 0.055, 0.079
2, -25.160, 25.160, 31.1, 0.205, 0.229
1, -24.421, 24.421, 40.7, 0.053, 0.049
2, -24.421, 24.421, 39.7, 0.369, 0.415
1, -24.770, 24.770, 36.0, 0.048, 0.045
1, -24.968, 24.968, 35.5, 0.042, 0.040
2, -24.968, 24.968, 38.6, 0.273, 0.298
1, -24.457, 24.457, 50.1, 0.068, 0.075
2, -24.457, 24.457, 39.7, 0.390, 0.435
1, -24.798, 24.798, 42.5, 0.063, 0.068
2, -24.798, 24.798, 32.8, 0.339, 0.372
1, -25.059, 25.059, 44.0, 0.055, 0.060
2, -25.059, 25.059, 39.0, 0.290, 0.314
1, 1.018, 24.473, 55.5, 0.086, 0.108
2, 1.018, 24.473, 38.6, 0.415, 0.459
1, -24.837, 24.837, 48.9, 0.079, 0.098
2, -24.837, 24.837, 32.6, 0.360, 0.392
1, -25.135, 25.135, 51.7, 0.069, 0.086
2, -25.135, 25.135, 38.7, 0.308, 0.332
1, -28.051, 28.051, 40.0, 0.031, 0.040
2, -28.051, 28.051, 40.6, 0.217, 0.252
1, -27.435, 27.435, 38.6, 0.026, 0.034
2, -27.435, 27.435, 35.6, 0.174, 0.203
1, -26.987, 26.987, 35.7, 0.028, 0.036
2, -26.987, 26.987, 36.1, 0.181, 0.206
1, -28.493, 28.493, 47.5, 0.041, 0.063
2, -28.493, 28.493, 40.2, 0.242, 0.278
1, -27.922, 27.922, 48.9, 0.035, 0.053
2, -27.922, 27.922, 36.5, 0.195, 0.226
1, -27.523, 27.523, 42.9, 0.038, 0.057
2, -27.523, 27.523, 33.3, 0.198, 0.224
1, 1.003, 28.898, 54.7, 0.053, 0.094
2, 1.003, 28.898, 48.5, 0.276, 0.314
1, 1.092, 28.415, 59.6, 0.046, 0.080
2, 1.092, 28.415, 37.5, 0.222, 0.254
1, -28.071, 28.071, 53.0, 0.049, 0.085
2, -28.071, 28.071, 47.8, 0.222, 0.248
1, -27.695, 27.695, 40.5, 0.042, 0.044
2, -27.695, 27.695, 50.2, 0.356, 0.390
1, -27.011, 27.011, 36.0, 0.036, 0.038
2, -27.011, 27.011, 40.7, 0.284, 0.312
1, -26.575, 26.575, 32.6, 0.037, 0.039
2, -26.575, 26.575, 39.8, 0.287, 0.312
1, -28.002, 28.002, 48.2, 0.054, 0.069
2, -28.002, 28.002, 48.3, 0.382, 0.417
1, -27.386, 27.386, 45.4, 0.047, 0.058
2, -27.386, 27.386, 42.7, 0.307, 0.336
1, -26.930, 26.930, 42.0, 0.049, 0.061
2, -26.930, 26.930, 40.6, 0.307, 0.333
1, 1.028, 28.352, 56.1, 0.068, 0.101
2, 1.028, 28.352, 47.1, 0.416, 0.452
1, 1.027, 27.780, 56.0, 0.059, 0.086
2, 1.027, 27.780, 44.3, 0.336, 0.366
1, -27.391, 27.391, 49.2, 0.062, 0.089
2, -27.391, 27.391, 40.1, 0.334, 0.360
1, -27.418, 27.418, 33.4, 0.054, 0.049
2, -27.418, 27.418, 54.0, 0.547, 0.581
1, -26.372, 26.372, 34.7, 0.048, 0.042
2, -26.372, 26.372, 50.1, 0.433, 0.460
1, -27.684, 27.684, 41.4, 0.070, 0.075
2, -27.684, 27.684, 54.0, 0.576, 0.611
1, -27.059, 27.059, 43.3, 0.061, 0.064
2, -27.059, 27.059, 49.2, 0.463, 0.493
1, -26.694, 26.694, 41.6, 0.062, 0.066
2, -26.694, 26.694, 48.3, 0.458, 0.485
1, -27.940, 27.940, 49.0, 0.087, 0.109
2, -27.940, 27.940, 53.4, 0.611, 0.647
1, -27.367, 27.367, 52.9, 0.076, 0.093
2, -27.367, 27.367, 50.6, 0.495, 0.526
1, -27.031, 27.031, 49.1, 0.077, 0.095
2, -27.031, 27.031, 47.6, 0.487, 0.515
1, -23.119, 23.119, 24.9, 0.022, 0.029
2, -23.119, 23.119, 25.8, 0.150, 0.172
1, -22.782, 22.782, 23.5, 0.020, 0.026
2, -22.782, 22.782, 22.1, 0.125, 0.142
1, -22.669, 22.669, 32.5, 0.020, 0.026
2, -22.669, 22.669, 31.8, 0.123, 0.137
1, -23.344, 23.344, 30.0, 0.030, 0.046
2, -23.344, 23.344, 25.1, 0.168, 0.191
1, -23.042, 23.042, 31.5, 0.027, 0.041
2, -23.042, 23.042, 24.1, 0.139, 0.157
1, -23.007, 23.007, 37.9, 0.027, 0.041
2, -23.007, 23.007, 28.7, 0.135, 0.149
1, -23.590, 23.590, 35.8, 0.039, 0.068
2, -23.590, 23.590, 35.3, 0.191, 0.214
1, -23.294, 23.294, 37.5, 0.035, 0.061
2, -23.294, 23.294, 27.6, 0.156, 0.175
1, -23.348, 23.348, 42.8, 0.035, 0.061
2, -23.348, 23.348, 27.0, 0.149, 0.164
1, -22.866, 22.866, 26.4, 0.030, 0.032
2, -22.866, 22.866, 31.6, 0.249, 0.269
1, -22.529, 22.529, 25.8, 0.027, 0.029
2, -22.529, 22.529, 26.4, 0.207, 0.224
1, -22.392, 22.392, 29.4, 0.027, 0.028
2, -22.392, 22.392, 35.0, 0.197, 0.212
1, -23.023, 23.023, 30.6, 0.039, 0.050
2, -23.023, 23.023, 30.4, 0.268, 0.288
1, -22.750, 22.750, 30.8, 0.035, 0.045
2, -22.750, 22.750, 26.8, 0.224, 0.240
1, -22.613, 22.613, 32.4, 0.035, 0.044
2, -22.613, 22.613, 30.5, 0.212, 0.227
1, -23.219, 23.219, 37.0, 0.050, 0.073
2, -23.219, 23.219, 30.0, 0.292, 0.313
1, -22.984, 22.984, 34.8, 0.045, 0.065
2, -22.984, 22.984, 28.3, 0.244, 0.261
1, -22.905, 22.905, 38.8, 0.045, 0.064
2, -22.905, 22.905, 30.3, 0.230, 0.244
1, -22.684, 22.684, 29.1, 0.040, 0.036
2, -22.684, 22.684, 35.9, 0.386, 0.406
1, -22.398, 22.398, 28.6, 0.036, 0.032
2, -22.398, 22.398, 31.1, 0.322, 0.339
1, -22.260, 22.260, 28.2, 0.035, 0.031
2, -22.260, 22.260, 39.2, 0.301, 0.318
1, -22.836, 22.836, 36.8, 0.051, 0.055
2, -22.836, 22.836, 36.7, 0.407, 0.427
1, -22.554, 22.554, 33.7, 0.046, 0.050
2, -22.554, 22.554, 31.1, 0.341, 0.359
1, -22.465, 22.465, 36.0, 0.045, 0.048
2, -22.465, 22.465, 40.5, 0.319, 0.335
1, -22.979, 22.979, 42.2, 0.063, 0.079
2, -22.979, 22.979, 35.1, 0.433, 0.454
1, -22.733, 22.733, 40.7, 0.058, 0.072
2, -22.733, 22.733, 31.5, 0.364, 0.382
1, -22.676, 22.676, 38.5, 0.056, 0.069
2, -22.676, 22.676, 36.3, 0.339, 0.356
1, -19.689, 19.689, 21.9, 0.018, 0.024
2, -19.689, 19.689, 20.1, 0.120, 0.135
1, -19.510, 19.510, 21.3, 0.017, 0.022
2, -19.510, 19.510, 17.2, 0.101, 0.112
1, -19.412, 19.412, 27.9, 0.015, 0.019
2, -19.412, 19.412, 25.1, 0.087, 0.095
1, -19.828, 19.828, 25.3, 0.025, 0.038
2, -19.828, 19.828, 21.4, 0.135, 0.149
1, -19.640, 19.640, 24.0, 0.022, 0.034
2, -19.640, 19.640, 17.7, 0.113, 0.124
1, -19.624, 19.624, 33.3, 0.020, 0.030
2, -19.624, 19.624, 24.1, 0.097, 0.105
1, -19.995, 19.995, 30.8, 0.032, 0.056
2, -19.995, 19.995, 29.7, 0.153, 0.168
1, -19.840, 19.840, 38.0, 0.027, 0.045
2, -19.840, 19.840, 24.1, 0.108, 0.116
1, -19.490, 19.490, 24.5, 0.025, 0.027
2, -19.490, 19.490, 28.9, 0.200, 0.213
1, -19.346, 19.346, 23.9, 0.023, 0.024
2, -19.346, 19.346, 20.4, 0.169, 0.180
1, -19.226, 19.226, 28.0, 0.020, 0.022
2, -19.226, 19.226, 31.4, 0.144, 0.152
1, -19.580, 19.580, 29.5, 0.032, 0.041
2, -19.580, 19.580, 25.4, 0.216, 0.229
1, -19.472, 19.472, 28.1, 0.030, 0.038
2, -19.472, 19.472, 20.6, 0.183, 0.193
1, -19.366, 19.366, 33.3, 0.027, 0.034
2, -19.366, 19.366, 30.1, 0.156, 0.164
1, -19.704, 19.704, 33.9, 0.041, 0.060
2, -19.704, 19.704, 25.8, 0.235, 0.248
1, -19.586, 19.586, 31.5, 0.038, 0.055
2, -19.586, 19.586, 21.7, 0.198, 0.209
1, -19.554, 19.554, 40.9, 0.034, 0.049
2, -19.554, 19.554, 31.1, 0.170, 0.178
1, -19.367, 19.367, 27.9, 0.033, 0.030
2, -19.367, 19.367, 34.2, 0.312, 0.325
1, -19.269, 19.269, 27.0, 0.030, 0.027
2, -19.269, 19.269, 24.0, 0.265, 0.276
1, -19.142, 19.142, 28.8, 0.027, 0.024
2, -19.142, 19.142, 38.4, 0.224, 0.234
1, -19.452, 19.452, 33.7, 0.042, 0.046
2, -19.452, 19.452, 32.0, 0.330, 0.342
1, -19.361, 19.361, 32.3, 0.039, 0.042
2, -19.361, 19.361, 24.6, 0.280, 0.291
1, -19.278, 19.278, 34.4, 0.035, 0.037
2, -19.278, 19.278, 37.2, 0.238, 0.247
1, -19.527, 19.527, 37.6, 0.052, 0.066
2, -19.527, 19.527, 31.8, 0.351, 0.364
1, -19.465, 19.465, 37.0, 0.048, 0.060
2, -19.465, 19.465, 24.2, 0.298, 0.309
1, -19.413, 19.413, 40.0, 0.043, 0.053
2, -19.413, 19.413, 36.5, 0.254, 0.263
1, -19.956, 19.956, 32.1, 0.019, 0.024
2, -19.956, 19.956, 33.7, 0.149, 0.156
1, -19.480, 19.480, 29.7, 0.018, 0.024
2, -19.480, 19.480, 31.3, 0.142, 0.149
1, -20.929, 20.929, 48.7, 0.028, 0.044
2, -20.929, 20.929, 44.5, 0.208, 0.218
1, -20.392, 20.392, 41.6, 0.025, 0.038
2, -20.392, 20.392, 35.1, 0.166, 0.174
1, -19.940, 19.940, 37.4, 0.024, 0.038
2, -19.940, 19.940, 31.7, 0.158, 0.164
1, 1.078, 21.297, 58.8, 0.036, 0.067
2, 1.078, 21.297, 44.8, 0.240, 0.249
1, -20.837, 20.837, 50.4, 0.032, 0.057
2, -20.837, 20.837, 35.8, 0.189, 0.198
1, -20.416, 20.416, 45.2, 0.032, 0.057
2, -20.416, 20.416, 32.2, 0.180, 0.187
1, -20.207, 20.207, 31.1, 0.029, 0.031
2, -20.207, 20.207, 47.1, 0.313, 0.321
1, -19.567, 19.567, 31.0, 0.026, 0.027
2, -19.567, 19.567, 41.6, 0.247, 0.254
1, -19.100, 19.100, 28.4, 0.025, 0.026
2, -19.100, 19.100, 39.0, 0.233, 0.240
1, -20.495, 20.495, 40.0, 0.038, 0.049
2, -20.495, 20.495, 48.3, 0.335, 0.343
1, -19.898, 19.898, 38.3, 0.034, 0.042
2, -19.898, 19.898, 41.3, 0.265, 0.273
1, -19.419, 19.419, 33.7, 0.033, 0.041
2, -19.419, 19.419, 36.6, 0.251, 0.257
1, -20.809, 20.809, 48.3, 0.048, 0.072
2, -20.809, 20.809, 48.4, 0.364, 0.373
1, -20.250, 20.250, 47.3, 0.042, 0.062
2, -20.250, 20.250, 42.6, 0.289, 0.297
1, -19.803, 19.803, 42.4, 0.042, 0.061
2, -19.803, 19.803, 38.6, 0.273, 0.280
1, -19.962, 19.962, 30.2, 0.039, 0.035
2, 1.035, 19.962, 56.4, 0.487, 0.496
1, -19.353, 19.353, 32.8, 0.034, 0.031
2, -19.353, 19.353, 52.4, 0.386, 0.394
1, -18.896, 18.896, 26.7, 0.033, 0.029
2, -18.896, 18.896, 43.7, 0.362, 0.369
1, -20.204, 20.204, 38.8, 0.050, 0.054
2, 1.063, 20.204, 58.0, 0.512, 0.521
1, -19.595, 19.595, 48.0, 0.044, 0.047
2, 1.132, 19.595, 61.7, 0.407, 0.415
1, -19.165, 19.165, 34.5, 0.043, 0.046
2, -19.165, 19.165, 45.2, 0.382, 0.389
1, -19.869, 19.869, 47.3, 0.055, 0.069
2, -19.869, 19.869, 50.8, 0.433, 0.441
1, -19.453, 19.453, 40.2, 0.053, 0.066
2, -19.453, 19.453, 44.0, 0.406, 0.414
1, -18.149, 18.149, 22.6, 0.016, 0.021
2, -18.149, 18.149, 24.9, 0.134, 0.142
1, -17.720, 17.720, 20.8, 0.015, 0.019
2, -17.720, 17.720, 21.4, 0.111, 0.117
1, -17.469, 17.469, 27.2, 0.014, 0.018
2, -17.469, 17.469, 29.5, 0.102, 0.107
1, -18.387, 18.387, 28.1, 0.021, 0.034
2, -18.387, 18.387, 24.9, 0.150, 0.158
1, -17.994, 17.994, 26.7, 0.020, 0.030
2, -17.994, 17.994, 22.9, 0.124, 0.130
1, -17.803, 17.803, 32.5, 0.019, 0.029
2, -17.803, 17.803, 27.5, 0.113, 0.118
1, -18.637, 18.637, 33.2, 0.028, 0.050
2, -18.637, 18.637, 25.5, 0.171, 0.179
1, -18.264, 18.264, 32.8, 0.025, 0.045
2, -18.264, 18.264, 23.7, 0.140, 0.147
1, -18.145, 18.145, 36.5, 0.024, 0.043
2, -18.145, 18.145, 25.5, 0.128, 0.133
1, -17.898, 17.898, 20.5, 0.022, 0.024
2, -17.898, 17.898, 29.8, 0.226, 0.233
1, -17.454, 17.454, 19.9, 0.020, 0.022
2, -17.454, 17.454, 26.0, 0.187, 0.192
1, -17.182, 17.182, 23.7, 0.019, 0.020
2, -17.182, 17.182, 31.6, 0.169, 0.174
1, -18.074, 18.074, 26.1, 0.029, 0.037
2, -18.074, 18.074, 30.5, 0.243, 0.250
1, -17.682, 17.682, 25.2, 0.026, 0.034
2, -17.682, 17.682, 26.7, 0.201, 0.206
1, -17.413, 17.413, 32.0, 0.025, 0.032
2, -17.413, 17.413, 34.2, 0.181, 0.186
1, -18.277, 18.277, 31.1, 0.037, 0.054
2, -18.277, 18.277, 30.3, 0.264, 0.271
1, -17.924, 17.924, 30.0, 0.033, 0.049
2, -17.924, 17.924, 27.0, 0.218, 0.224
1, -17.692, 17.692, 33.6, 0.032, 0.046
2, -17.692, 17.692, 0.0, 0.000, 0.000
1, -17.721, 17.721, 21.0, 0.030, 0.027
2, -17.721, 17.721, 33.4, 0.355, 0.362
1, -17.304, 17.304, 20.2, 0.028, 0.025
2, -17.304, 17.304, 31.0, 0.300, 0.306
1, -17.030, 17.030, 23.0, 0.025, 0.023
2, -17.030, 17.030, 36.3, 0.262, 0.268
1, -17.882, 17.882, 26.0, 0.038, 0.041
2, -17.882, 17.882, 33.6, 0.373, 0.380
1, -17.471, 17.471, 24.1, 0.036, 0.038
2, -17.471, 17.471, 31.5, 0.316, 0.322
1, -17.227, 17.227, 28.3, 0.033, 0.035
2, -17.227, 17.227, 36.0, 0.277, 0.283
1, -18.040, 18.040, 29.9, 0.047, 0.060
2, -18.040, 18.040, 34.5, 0.395, 0.403
1, -17.660, 17.660, 28.0, 0.044, 0.055
2, -17.660, 17.660, 32.0, 0.335, 0.341
1, -17.436, 17.436, 35.0, 0.041, 0.050
2, -17.436, 17.436, 37.3, 0.294, 0.301
1, -16.280, 16.280, 16.5, 0.014, 0.018
2, -16.280, 16.280, 18.3, 0.110, 0.116
1, -15.953, 15.953, 16.1, 0.012, 0.016
2, -15.953, 15.953, 16.4, 0.092, 0.097
1, -15.737, 15.737, 23.1, 0.011, 0.015
2, -15.737, 15.737, 23.5, 0.078, 0.081
1, -16.442, 16.442, 20.0, 0.018, 0.028
2, -16.442, 16.442, 18.9, 0.122, 0.128
1, -16.118, 16.118, 20.6, 0.017, 0.026
2, -16.118, 16.118, 18.1, 0.103, 0.107
1, -15.974, 15.974, 29.1, 0.015, 0.023
2, -15.974, 15.974, 23.7, 0.086, 0.090
1, -16.627, 16.627, 24.4, 0.023, 0.042
2, -16.627, 16.627, 22.8, 0.139, 0.146
1, -16.284, 16.284, 25.0, 0.022, 0.038
1, -16.217, 16.217, 31.6, 0.020, 0.034
2, -16.217, 16.217, 21.6, 0.097, 0.101
1, -16.076, 16.076, 18.2, 0.019, 0.020
2, -16.076, 16.076, 25.3, 0.185, 0.191
1, -15.768, 15.768, 17.1, 0.017, 0.018
2, -15.768, 15.768, 19.7, 0.155, 0.160
1, -15.524, 15.524, 23.7, 0.015, 0.016
2, -15.524, 15.524, 30.0, 0.130, 0.134
1, -16.191, 16.191, 21.0, 0.024, 0.031
2, -16.191, 16.191, 22.1, 0.199, 0.204
1, -15.917, 15.917, 20.5, 0.022, 0.029
2, -15.917, 15.917, 19.9, 0.167, 0.171
1, -15.690, 15.690, 28.5, 0.020, 0.025
2, -15.690, 15.690, 29.1, 0.140, 0.144
1, -16.331, 16.331, 25.0, 0.031, 0.045
2, -16.331, 16.331, 22.9, 0.216, 0.222
1, -16.060, 16.060, 23.4, 0.028, 0.042
2, -16.060, 16.060, 20.9, 0.181, 0.186
1, -15.892, 15.892, 34.5, 0.025, 0.037
2, -15.892, 15.892, 29.5, 0.152, 0.156
1, -15.948, 15.948, 19.4, 0.025, 0.023
2, -15.948, 15.948, 27.8, 0.292, 0.297
1, -15.666, 15.666, 18.4, 0.023, 0.021
2, -15.666, 15.666, 23.3, 0.245, 0.250
1, -16.051, 16.051, 23.4, 0.032, 0.035
2, -16.051, 16.051, 27.4, 0.307, 0.312
1, -15.781, 15.781, 21.8, 0.030, 0.032
2, -15.781, 15.781, 23.3, 0.258, 0.263
1, -15.907, 15.907, 25.2, 0.037, 0.046
2, -15.907, 15.907, 23.7, 0.274, 0.279
