1, -43.010, 43.010, 52.7, 0.072, 0.083
2, -43.010, 43.010, 49.8, 0.411, 0.553
1, -41.878, 41.878, 48.9, 0.066, 0.077
2, -41.878, 41.878, 46.1, 0.376, 0.508
1, -42.997, 42.997, 52.7, 0.072, 0.083
2, -42.997, 42.997, 49.8, 0.411, 0.552
1, -43.002, 43.002, 52.7, 0.072, 0.083
2, -43.002, 43.002, 49.8, 0.411, 0.552
1, -43.016, 43.016, 52.7, 0.072, 0.083
2, -43.016, 43.016, 49.9, 0.414, 0.556
1, -43.013, 43.013, 52.9, 0.072, 0.084
2, -43.013, 43.013, 49.9, 0.412, 0.553
1, -43.013, 43.013, 52.7, 0.071, 0.083
2, -43.013, 43.013, 49.7, 0.409, 0.550
1, -44.201, 44.201, 54.2, 0.078, 0.090
2, -44.201, 44.201, 51.5, 0.450, 0.602
1, 1.059, 45.467, 57.8, 0.085, 0.098
2, 2.070, 45.467, 55.1, 0.494, 0.658
1, -43.408, 43.408, 51.8, 0.074, 0.085
2, -43.408, 43.408, 49.1, 0.424, 0.568
1, -43.539, 43.539, 49.1, 0.075, 0.086
2, -43.539, 43.539, 46.6, 0.429, 0.574
1, -43.712, 43.712, 52.9, 0.076, 0.088
2, -43.712, 43.712, 50.2, 0.435, 0.582
1, -43.957, 43.957, 50.2, 0.077, 0.088
2, -43.957, 43.957, 47.8, 0.442, 0.592
1, -44.279, 44.279, 54.3, 0.079, 0.091
2, -44.279, 44.279, 51.8, 0.457, 0.609
1, 1.037, 44.945, 56.6, 0.083, 0.096
2, 1.037, 44.945, 54.1, 0.482, 0.642
1, 1.014, 44.718, 55.3, 0.081, 0.094
2, 1.014, 44.718, 52.5, 0.467, 0.623
1, -43.422, 43.422, 51.9, 0.074, 0.086
2, -43.422, 43.422, 49.4, 0.426, 0.571
1, -44.298, 44.298, 54.4, 0.079, 0.091
2, -44.298, 44.298, 51.9, 0.456, 0.608
1, 1.018, 44.756, 55.5, 0.082, 0.094
2, 1.018, 44.756, 53.1, 0.473, 0.629
1, 1.043, 44.583, 56.9, 0.081, 0.093
2, 1.043, 44.583, 52.4, 0.464, 0.619
1, -43.706, 43.706, 49.5, 0.076, 0.087
2, -43.706, 43.706, 47.1, 0.435, 0.582
1, 1.009, 44.516, 55.1, 0.080, 0.092
2, 1.009, 44.516, 52.6, 0.464, 0.619
1, -43.780, 43.780, 49.8, 0.076, 0.088
2, -43.780, 43.780, 47.3, 0.437, 0.585
1, -44.371, 44.371, 54.4, 0.079, 0.091
2, -44.371, 44.371, 51.9, 0.457, 0.610
1, 1.015, 44.708, 55.4, 0.081, 0.093
2, 1.015, 44.708, 52.8, 0.469, 0.625
1, 1.012, 44.586, 55.2, 0.080, 0.092
2, 1.012, 44.586, 52.8, 0.465, 0.621
1, -43.927, 43.927, 50.0, 0.077, 0.089
2, -43.927, 43.927, 47.6, 0.442, 0.591
1, -44.367, 44.367, 54.4, 0.079, 0.091
2, -44.367, 44.367, 51.9, 0.458, 0.611
1, 1.007, 44.564, 54.9, 0.080, 0.092
2, 1.007, 44.564, 52.5, 0.465, 0.620
1, -44.084, 44.084, 53.9, 0.078, 0.090
2, -44.084, 44.084, 51.3, 0.448, 0.598
1, 1.020, 44.590, 55.6, 0.081, 0.093
2, 1.020, 44.590, 53.0, 0.467, 0.622
1, -44.107, 44.107, 50.6, 0.078, 0.089
2, -44.107, 44.107, 48.2, 0.448, 0.598
1, 1.003, 44.458, 54.7, 0.080, 0.092
2, 1.003, 44.458, 52.2, 0.461, 0.615
1, -44.178, 44.178, 54.1, 0.078, 0.090
2, -44.178, 44.178, 51.6, 0.451, 0.602
1, 1.011, 44.459, 55.1, 0.080, 0.092
2, 1.011, 44.459, 52.5, 0.461, 0.616
1, -44.194, 44.194, 54.2, 0.078, 0.090
2, -44.194, 44.194, 51.6, 0.452, 0.603
1, -44.393, 44.393, 54.5, 0.079, 0.092
2, -44.393, 44.393, 52.0, 0.459, 0.612
1, 1.006, 44.501, 54.9, 0.080, 0.092
2, 1.006, 44.501, 52.4, 0.463, 0.617
1, 1.004, 44.442, 54.8, 0.080, 0.092
2, 1.004, 44.442, 52.2, 0.461, 0.614
1, -44.257, 44.257, 54.4, 0.079, 0.091
2, -44.257, 44.257, 51.8, 0.454, 0.606
1, 1.002, 44.454, 54.6, 0.080, 0.092
2, 1.002, 44.454, 52.2, 0.463, 0.617
1, -44.265, 44.265, 54.3, 0.079, 0.091
2, -44.265, 44.265, 51.7, 0.453, 0.605
1, 1.001, 44.401, 54.6, 0.080, 0.092
2, 1.001, 44.401, 52.1, 0.459, 0.613
1, -44.291, 44.291, 54.5, 0.079, 0.091
2, -44.291, 44.291, 51.9, 0.455, 0.608
1, 1.001, 44.402, 54.6, 0.080, 0.092
2, 1.001, 44.402, 52.1, 0.460, 0.614
1, -44.299, 44.299, 54.5, 0.079, 0.091
2, -44.299, 44.299, 52.0, 0.455, 0.608
1, -44.392, 44.392, 54.3, 0.079, 0.091
2, -44.392, 44.392, 51.7, 0.456, 0.609
1, -44.414, 44.414, 54.4, 0.079, 0.091
2, -44.414, 44.414, 51.8, 0.458, 0.612
1, -44.477, 44.477, 54.5, 0.080, 0.092
2, -44.477, 44.477, 52.0, 0.460, 0.614
1, 1.004, 44.468, 54.8, 0.080, 0.092
2, 1.004, 44.468, 52.2, 0.459, 0.613
1, -44.342, 44.342, 54.5, 0.079, 0.091
2, -44.342, 44.342, 51.8, 0.457, 0.610
1, -44.483, 44.483, 54.5, 0.080, 0.092
2, -44.483, 44.483, 51.9, 0.460, 0.615
1, 1.006, 44.573, 54.9, 0.080, 0.092
2, 1.006, 44.573, 52.3, 0.463, 0.617
1, -44.486, 44.486, 54.5, 0.080, 0.092
2, -44.486, 44.486, 52.0, 0.460, 0.614
1, 1.003, 44.560, 54.7, 0.080, 0.092
2, 1.003, 44.560, 52.2, 0.462, 0.617
1, 1.000, 44.499, 54.6, 0.080, 0.092
2, 1.000, 44.499, 51.9, 0.460, 0.614
1, -44.400, 44.400, 54.5, 0.079, 0.091
2, -44.400, 44.400, 52.0, 0.458, 0.612
1, 1.001, 44.508, 54.6, 0.080, 0.092
2, 1.001, 44.508, 52.1, 0.461, 0.616
1, 1.003, 44.404, 54.7, 0.079, 0.091
2, 1.003, 44.404, 52.2, 0.458, 0.612
1, 1.003, 44.485, 54.7, 0.080, 0.092
2, 1.003, 44.485, 52.1, 0.460, 0.614
1, -44.481, 44.481, 54.5, 0.080, 0.092
2, -44.481, 44.481, 51.9, 0.460, 0.614
1, 1.003, 44.443, 54.7, 0.080, 0.092
2, 1.003, 44.443, 52.1, 0.459, 0.613
1, -44.439, 44.439, 54.4, 0.080, 0.092
2, -44.439, 44.439, 51.9, 0.459, 0.613
1, -44.441, 44.441, 54.3, 0.079, 0.091
2, -44.441, 44.441, 51.8, 0.458, 0.612
1, -44.428, 44.428, 54.4, 0.079, 0.092
2, -44.428, 44.428, 51.8, 0.458, 0.612
1, -44.423, 44.423, 54.3, 0.079, 0.091
2, -44.423, 44.423, 51.8, 0.458, 0.612
1, -44.456, 44.456, 54.5, 0.080, 0.092
2, -44.456, 44.456, 51.9, 0.459, 0.613
1, 1.004, 44.488, 54.8, 0.080, 0.092
2, 1.004, 44.488, 52.2, 0.460, 0.614
1, -44.439, 44.439, 54.5, 0.080, 0.092
2, -44.439, 44.439, 51.9, 0.459, 0.613
1, 1.005, 44.485, 54.8, 0.080, 0.092
2, 1.005, 44.485, 52.2, 0.460, 0.614
1, -44.442, 44.442, 54.4, 0.079, 0.092
2, -44.442, 44.442, 51.9, 0.459, 0.613
1, 1.004, 44.476, 54.8, 0.080, 0.092
2, 1.004, 44.476, 52.2, 0.460, 0.614
1, -44.447, 44.447, 54.4, 0.079, 0.092
2, -44.447, 44.447, 51.9, 0.459, 0.613
1, -44.479, 44.479, 54.4, 0.080, 0.092
2, -44.479, 44.479, 51.9, 0.459, 0.613
1, 1.001, 44.491, 54.6, 0.080, 0.092
2, 1.001, 44.491, 52.0, 0.461, 0.615
1, -44.451, 44.451, 54.4, 0.079, 0.092
2, -44.451, 44.451, 51.9, 0.459, 0.612
1, 1.004, 44.490, 54.7, 0.080, 0.092
2, 1.004, 44.490, 52.2, 0.460, 0.614
1, -44.454, 44.454, 54.5, 0.080, 0.092
2, -44.454, 44.454, 51.9, 0.459, 0.613
1, -44.490, 44.490, 54.5, 0.080, 0.092
2, -44.490, 44.490, 52.0, 0.460, 0.614
1, -44.508, 44.508, 54.5, 0.080, 0.092
2, -44.508, 44.508, 51.9, 0.460, 0.614
1, 1.001, 44.502, 54.6, 0.080, 0.092
2, 1.001, 44.502, 52.0, 0.460, 0.615
1, -44.463, 44.463, 54.5, 0.080, 0.092
2, -44.463, 44.463, 51.9, 0.459, 0.613
1, 1.005, 44.504, 54.8, 0.080, 0.092
2, 1.005, 44.504, 52.2, 0.460, 0.614
1, -44.466, 44.466, 54.5, 0.080, 0.092
2, -44.466, 44.466, 51.9, 0.459, 0.613
1, -44.508, 44.508, 54.5, 0.080, 0.092
2, -44.508, 44.508, 52.0, 0.460, 0.615
1, 1.001, 44.512, 54.6, 0.080, 0.092
2, 1.001, 44.512, 52.0, 0.461, 0.615
1, -44.476, 44.476, 54.5, 0.080, 0.092
2, -44.476, 44.476, 51.9, 0.459, 0.613
1, 1.004, 44.512, 54.8, 0.080, 0.092
2, 1.004, 44.512, 52.2, 0.460, 0.614
1, -44.477, 44.477, 54.5, 0.080, 0.092
2, -44.477, 44.477, 51.9, 0.459, 0.613
1, 1.004, 44.504, 54.8, 0.080, 0.092
2, 1.004, 44.504, 52.1, 0.460, 0.614
1, -44.482, 44.482, 54.5, 0.080, 0.092
2, -44.482, 44.482, 52.0, 0.460, 0.614
1, -44.504, 44.504, 54.5, 0.080, 0.092
2, -44.504, 44.504, 52.0, 0.460, 0.615
1, 1.004, 44.510, 54.8, 0.080, 0.092
2, 1.004, 44.510, 52.2, 0.461, 0.615
1, 1.003, 44.487, 54.7, 0.080, 0.092
2, 1.003, 44.487, 52.1, 0.460, 0.614
1, 1.000, 44.507, 54.6, 0.080, 0.092
2, 1.000, 44.507, 52.0, 0.460, 0.615
1, -44.505, 44.505, 54.5, 0.080, 0.092
2, -44.505, 44.505, 52.0, 0.460, 0.614
1, -44.497, 44.497, 54.5, 0.080, 0.092
2, -44.497, 44.497, 52.0, 0.460, 0.614
1, -44.497, 44.497, 54.5, 0.080, 0.092
2, -44.497, 44.497, 51.9, 0.460, 0.614
1, -44.496, 44.496, 54.5, 0.080, 0.092
2, -44.496, 44.496, 52.0, 0.460, 0.614
1, -44.492, 44.492, 54.5, 0.080, 0.092
2, -44.492, 44.492, 52.0, 0.460, 0.614
1, 1.035, 44.492, 56.5, 0.080, 0.092
2, 1.035, 44.492, 52.2, 0.460, 0.614
1, -44.504, 44.504, 54.5, 0.080, 0.092
2, -44.504, 44.504, 52.0, 0.460, 0.614
1, 1.001, 44.509, 54.6, 0.080, 0.092
2, 1.001, 44.509, 52.0, 0.461, 0.615
1, -44.498, 44.498, 54.5, 0.080, 0.092
2, -44.498, 44.498, 51.9, 0.460, 0.614
1, 1.000, 44.509, 54.6, 0.080, 0.092
2, 1.000, 44.509, 52.0, 0.460, 0.614
1, -44.499, 44.499, 54.5, 0.080, 0.092
2, -44.499, 44.499, 51.9, 0.460, 0.614
1, 1.003, 44.506, 54.7, 0.080, 0.092
2, 1.003, 44.506, 52.1, 0.460, 0.614
1, -44.501, 44.501, 54.5, 0.080, 0.092
2, -44.501, 44.501, 51.9, 0.460, 0.614
1, 1.001, 44.507, 54.6, 0.080, 0.092
2, 1.001, 44.507, 52.0, 0.460, 0.614
1, 1.000, 44.500, 54.6, 0.080, 0.092
2, 1.000, 44.500, 52.0, 0.460, 0.614
1, 1.004, 44.507, 54.8, 0.080, 0.092
2, 1.004, 44.507, 52.2, 0.460, 0.614
1, 1.004, 44.506, 54.8, 0.080, 0.092
2, 1.004, 44.506, 52.2, 0.460, 0.614
1, -44.505, 44.505, 54.5, 0.080, 0.092
2, -44.505, 44.505, 51.9, 0.460, 0.614
1, -44.502, 44.502, 54.5, 0.080, 0.092
2, -44.502, 44.502, 52.0, 0.460, 0.614
1, -44.502, 44.502, 54.5, 0.080, 0.092
2, -44.502, 44.502, 52.0, 0.460, 0.614
1, -44.501, 44.501, 54.5, 0.080, 0.092
2, -44.501, 44.501, 51.9, 0.460, 0.614
1, -44.503, 44.503, 54.5, 0.080, 0.092
2, -44.503, 44.503, 51.9, 0.460, 0.614
1, 1.004, 44.501, 54.8, 0.080, 0.092
2, 1.004, 44.501, 52.1, 0.460, 0.614
1, 1.003, 44.502, 54.7, 0.080, 0.092
2, 1.003, 44.502, 52.1, 0.460, 0.614
1, 1.000, 44.505, 54.6, 0.080, 0.092
2, 1.000, 44.505, 52.0, 0.460, 0.614
1, 1.004, 44.505, 54.7, 0.080, 0.092
2, 1.004, 44.505, 52.2, 0.460, 0.614
1, 1.004, 44.506, 54.8, 0.080, 0.092
2, 1.004, 44.506, 52.2, 0.460, 0.614
1, 1.005, 44.506, 54.8, 0.080, 0.092
2, 1.005, 44.506, 52.2, 0.460, 0.614
1, 1.000, 44.506, 54.6, 0.080, 0.092
2, 1.000, 44.506, 52.0, 0.460, 0.615
1, 1.003, 44.505, 54.7, 0.080, 0.092
2, 1.003, 44.505, 52.1, 0.460, 0.614
1, 1.004, 44.505, 54.8, 0.080, 0.092
2, 1.004, 44.505, 52.2, 0.460, 0.614
1, 1.000, 44.505, 54.5, 0.080, 0.092
2, 1.000, 44.505, 52.0, 0.460, 0.614
1, 1.004, 44.506, 54.8, 0.080, 0.092
2, 1.004, 44.506, 52.2, 0.460, 0.614
1, -44.506, 44.506, 54.5, 0.080, 0.092
2, -44.506, 44.506, 51.9, 0.460, 0.614
1, 1.004, 44.506, 54.7, 0.080, 0.092
2, 1.004, 44.506, 52.2, 0.460, 0.614
1, 1.004, 44.507, 54.8, 0.080, 0.092
2, 1.004, 44.507, 52.1, 0.460, 0.614
1, -44.506, 44.506, 54.5, 0.080, 0.092
2, -44.506, 44.506, 51.9, 0.460, 0.614
1, -44.506, 44.506, 54.5, 0.080, 0.092
2, -44.506, 44.506, 51.9, 0.460, 0.614
1, 1.004, 44.507, 54.8, 0.080, 0.092
2, 1.004, 44.507, 52.2, 0.460, 0.614
1, 1.003, 44.506, 54.7, 0.080, 0.092
2, 1.003, 44.506, 52.1, 0.460, 0.614
1, 1.004, 44.507, 54.7, 0.080, 0.092
2, 1.004, 44.507, 52.1, 0.460, 0.614
1, -44.507, 44.507, 54.5, 0.080, 0.092
2, -44.507, 44.507, 51.9, 0.460, 0.614
1, -44.507, 44.507, 54.5, 0.080, 0.092
2, -44.507, 44.507, 51.9, 0.460, 0.614
1, -44.506, 44.506, 54.5, 0.080, 0.092
2, -44.506, 44.506, 51.9, 0.460, 0.614
1, -44.507, 44.507, 54.5, 0.080, 0.092
2, -44.507, 44.507, 51.9, 0.460, 0.614
1, 1.004, 44.507, 54.8, 0.080, 0.092
2, 1.004, 44.507, 52.1, 0.460, 0.614
1, 1.003, 44.507, 54.7, 0.080, 0.092
2, 1.003, 44.507, 52.1, 0.460, 0.614
1, 1.004, 44.507, 54.7, 0.080, 0.092
2, 1.004, 44.507, 52.1, 0.460, 0.614
1, 1.004, 44.507, 54.8, 0.080, 0.092
2, 1.004, 44.507, 52.1, 0.460, 0.614
1, 1.000, 44.507, 54.6, 0.080, 0.092
2, 1.000, 44.507, 51.9, 0.460, 0.614
1, 1.000, 44.507, 54.6, 0.080, 0.092
2, 1.000, 44.507, 51.9, 0.460, 0.614
1, 1.000, 44.507, 54.6, 0.080, 0.092
2, 1.000, 44.507, 51.9, 0.460, 0.614
1, -44.507, 44.507, 54.5, 0.080, 0.092
2, -44.507, 44.507, 51.9, 0.460, 0.614
1, 1.003, 44.507, 54.7, 0.080, 0.092
2, 1.003, 44.507, 52.1, 0.460, 0.614
1, -44.507, 44.507, 54.5, 0.080, 0.092
2, -44.507, 44.507, 51.9, 0.460, 0.614
1, -44.507, 44.507, 54.5, 0.080, 0.092
2, -44.507, 44.507, 51.9, 0.460, 0.614
1, 1.004, 44.507, 54.8, 0.080, 0.092
2, 1.004, 44.507, 52.1, 0.460, 0.614
1, 1.000, 44.507, 54.6, 0.080, 0.092
2, 1.000, 44.507, 51.9, 0.460, 0.614
1, 1.000, 44.507, 54.6, 0.080, 0.092
2, 1.000, 44.507, 51.9, 0.460, 0.614
1, -44.508, 44.508, 54.5, 0.080, 0.092
2, -44.508, 44.508, 51.9, 0.460, 0.614
1, 1.000, 44.508, 54.5, 0.080, 0.092
2, 1.000, 44.508, 51.9, 0.460, 0.614
1, 1.004, 44.507, 54.8, 0.080, 0.092
2, 1.004, 44.507, 52.1, 0.460, 0.614
1, 1.004, 44.508, 54.7, 0.080, 0.092
2, 1.004, 44.508, 52.1, 0.460, 0.614
1, 1.004, 44.508, 54.7, 0.080, 0.092
2, 1.004, 44.508, 52.1, 0.460, 0.614
1, 1.003, 44.508, 54.7, 0.080, 0.092
2, 1.003, 44.508, 52.1, 0.460, 0.614
1, 1.003, 44.508, 54.7, 0.080, 0.092
2, 1.003, 44.508, 52.1, 0.460, 0.614
1, -44.508, 44.508, 54.5, 0.080, 0.092
2, -44.508, 44.508, 51.9, 0.460, 0.614
1, 1.003, 44.508, 54.7, 0.080, 0.092
2, 1.003, 44.508, 52.1, 0.460, 0.614
1, 1.003, 44.508, 54.7, 0.080, 0.092
2, 1.003, 44.508, 52.1, 0.460, 0.614
1, -44.508, 44.508, 54.5, 0.080, 0.092
2, -44.508, 44.508, 51.9, 0.460, 0.614
1, -44.508, 44.508, 54.5, 0.080, 0.092
2, -44.508, 44.508, 51.9, 0.460, 0.614
1, 1.003, 44.508, 54.7, 0.080, 0.092
2, 1.003, 44.508, 52.1, 0.460, 0.614
1, 1.003, 44.508, 54.7, 0.080, 0.092
2, 1.003, 44.508, 52.1, 0.460, 0.614
1, -44.508, 44.508, 54.5, 0.080, 0.092
2, -44.508, 44.508, 51.9, 0.460, 0.614
1, -44.508, 44.508, 54.5, 0.080, 0.092
2, -44.508, 44.508, 51.9, 0.460, 0.614
1, -44.508, 44.508, 54.5, 0.080, 0.092
2, -44.508, 44.508, 51.9, 0.460, 0.614
1, 1.004, 44.509, 54.7, 0.080, 0.092
2, 1.004, 44.509, 52.1, 0.460, 0.614
1, -44.508, 44.508, 54.5, 0.080, 0.092
2, -44.508, 44.508, 51.9, 0.460, 0.614
