1, -43.010, 43.010, 52.7, 0.072, 0.083
2, -43.010, 43.010, 49.8, 0.411, 0.553
1, -41.878, 41.878, 48.9, 0.066, 0.077
2, -41.878, 41.878, 46.1, 0.376, 0.508
1, -42.997, 42.997, 52.7, 0.072, 0.083
2, -42.997, 42.997, 49.8, 0.411, 0.552
1, -43.002, 43.002, 52.7, 0.072, 0.083
2, -43.002, 43.002, 49.8, 0.411, 0.552
1, -43.016, 43.016, 52.7, 0.072, 0.083
2, -43.016, 43.016, 49.9, 0.414, 0.556
1, -43.013, 43.013, 52.9, 0.072, 0.084
2, -43.013, 43.013, 49.9, 0.412, 0.553
1, -43.013, 43.013, 52.7, 0.071, 0.083
2, -43.013, 43.013, 49.7, 0.409, 0.550
1, -44.201, 44.201, 54.2, 0.078, 0.090
2, -44.201, 44.201, 51.5, 0.450, 0.602
1, 1.059, 45.467, 57.8, 0.085, 0.098
2, 2.070, 45.467, 55.1, 0.494, 0.658
1, -43.408, 43.408, 51.8, 0.074, 0.085
2, -43.408, 43.408, 49.1, 0.424, 0.568
1, -43.539, 43.539, 49.1, 0.075, 0.086
2, -43.539, 43.539, 46.6, 0.429, 0.574
1, -43.712, 43.712, 52.9, 0.076, 0.088
2, -43.712, 43.712, 50.2, 0.435, 0.582
1, -43.957, 43.957, 50.2, 0.077, 0.088
2, -43.957, 43.957, 47.8, 0.442, 0.592
1, -44.279, 44.279, 54.3, 0.079, 0.091
2, -44.279, 44.279, 51.8, 0.457, 0.609
1, 1.037, 44.945, 56.6, 0.083, 0.096
2, 1.037, 44.945, 54.1, 0.482, 0.642
1, 1.014, 44.718, 55.3, 0.081, 0.094
2, 1.014, 44.718, 52.5, 0.467, 0.623
1, -43.422, 43.422, 51.9, 0.074, 0.086
2, -43.422, 43.422, 49.4, 0.426, 0.571
1, -44.298, 44.298, 54.4, 0.079, 0.091
2, -44.298, 44.298, 51.9, 0.456, 0.608
1, 1.018, 44.756, 55.5, 0.082, 0.094
2, 1.018, 44.756, 53.1, 0.473, 0.629
1, 1.043, 44.583, 56.9, 0.081, 0.093
2, 1.043, 44.583, 52.4, 0.464, 0.619
1, -43.706, 43.706, 49.5, 0.076, 0.087
2, -43.706, 43.706, 47.1, 0.435, 0.582
1, 1.009, 44.516, 55.1, 0.080, 0.092
2, 1.009, 44.516, 52.6, 0.464, 0.619
1, -43.780, 43.780, 49.8, 0.076, 0.088
2, -43.780, 43.780, 47.3, 0.437, 0.585
1, -44.371, 44.371, 54.4, 0.079, 0.091
2, -44.371, 44.371, 51.9, 0.457, 0.610
1, 1.015, 44.708, 55.4, 0.081, 0.093
2, 1.015, 44.708, 52.8, 0.469, 0.625
1, 1.012, 44.586, 55.2, 0.080, 0.092
2, 1.012, 44.586, 52.8, 0.465, 0.621
1, -43.927, 43.927, 50.0, 0.077, 0.089
2, -43.927, 43.927, 47.6, 0.442, 0.591
1, 1.008, 44.567, 55.0, 0.080, 0.092
2, 1.008, 44.567, 52.5, 0.465, 0.620
1, -43.973, 43.973, 50.3, 0.077, 0.089
2, -43.973, 43.973, 47.9, 0.444, 0.593
1, 1.005, 44.433, 54.8, 0.080, 0.091
2, 1.005, 44.433, 52.3, 0.460, 0.614
1, -44.051, 44.051, 53.8, 0.078, 0.089
2, -44.051, 44.051, 51.2, 0.447, 0.597
1, 1.009, 44.447, 55.0, 0.080, 0.093
2, 1.009, 44.447, 52.3, 0.461, 0.615
1, -44.071, 44.071, 50.4, 0.077, 0.089
2, -44.071, 44.071, 48.1, 0.447, 0.597
1, 1.002, 44.453, 54.7, 0.080, 0.092
2, 1.002, 44.453, 52.2, 0.461, 0.615
1, -44.093, 44.093, 53.9, 0.078, 0.090
2, -44.093, 44.093, 51.3, 0.448, 0.598
1, 1.004, 44.388, 54.8, 0.079, 0.091
2, 1.004, 44.388, 52.2, 0.458, 0.612
1, -44.135, 44.135, 54.0, 0.078, 0.090
2, -44.135, 44.135, 51.5, 0.450, 0.601
1, 1.007, 44.390, 54.9, 0.080, 0.092
2, 1.007, 44.390, 52.3, 0.459, 0.612
1, -44.150, 44.150, 54.0, 0.078, 0.090
2, -44.150, 44.150, 51.5, 0.450, 0.601
1, -44.386, 44.386, 54.5, 0.079, 0.092
2, -44.386, 44.386, 52.0, 0.458, 0.612
1, 1.008, 44.534, 55.0, 0.080, 0.093
2, 1.008, 44.534, 52.5, 0.464, 0.619
1, 1.007, 44.427, 54.9, 0.080, 0.092
1, -44.208, 44.208, 54.2, 0.078, 0.090
2, -44.208, 44.208, 51.7, 0.452, 0.604
1, 1.004, 44.431, 54.7, 0.080, 0.092
2, 1.004, 44.431, 52.2, 0.460, 0.614
1, -44.220, 44.220, 54.3, 0.078, 0.090
2, -44.220, 44.220, 51.7, 0.452, 0.604
1, -44.385, 44.385, 54.4, 0.080, 0.092
2, -44.385, 44.385, 51.9, 0.460, 0.613
1, 1.001, 44.439, 54.6, 0.080, 0.092
2, 1.001, 44.439, 52.1, 0.461, 0.615
1, -44.266, 44.266, 54.2, 0.079, 0.091
2, -44.266, 44.266, 51.6, 0.454, 0.607
1, 1.002, 44.441, 54.6, 0.080, 0.092
2, 1.002, 44.441, 52.2, 0.462, 0.616
1, -44.276, 44.276, 54.4, 0.079, 0.091
2, -44.276, 44.276, 51.9, 0.455, 0.607
1, -44.400, 44.400, 54.5, 0.080, 0.092
2, -44.400, 44.400, 52.0, 0.460, 0.614
1, 1.003, 44.467, 54.7, 0.080, 0.092
2, 1.003, 44.467, 52.2, 0.463, 0.617
1, 1.001, 44.431, 54.6, 0.080, 0.092
2, 1.001, 44.431, 52.1, 0.461, 0.616
1, -44.314, 44.314, 54.5, 0.079, 0.091
2, -44.314, 44.314, 52.0, 0.456, 0.609
1, -44.437, 44.437, 54.5, 0.080, 0.092
2, -44.437, 44.437, 52.0, 0.460, 0.614
1, 1.003, 44.517, 54.7, 0.080, 0.092
2, 1.003, 44.517, 52.2, 0.461, 0.616
1, 1.049, 44.466, 57.2, 0.080, 0.092
2, 1.049, 44.466, 52.4, 0.461, 0.615
1, 1.001, 44.340, 54.6, 0.079, 0.091
2, 1.001, 44.340, 52.0, 0.457, 0.611
1, -44.418, 44.418, 54.5, 0.080, 0.092
2, -44.418, 44.418, 52.0, 0.460, 0.613
1, -44.412, 44.412, 54.5, 0.080, 0.092
2, -44.412, 44.412, 52.0, 0.459, 0.612
1, -44.410, 44.410, 54.5, 0.080, 0.092
2, -44.410, 44.410, 52.0, 0.460, 0.614
1, -44.405, 44.405, 54.5, 0.079, 0.092
2, -44.405, 44.405, 51.9, 0.458, 0.612
1, -44.376, 44.376, 54.4, 0.079, 0.091
2, -44.376, 44.376, 51.9, 0.458, 0.611
1, -44.369, 44.369, 54.4, 0.079, 0.091
2, -44.369, 44.369, 51.9, 0.458, 0.611
1, 1.001, 44.452, 54.6, 0.080, 0.092
2, 1.001, 44.452, 52.1, 0.461, 0.615
1, -44.389, 44.389, 54.4, 0.079, 0.091
2, -44.389, 44.389, 51.9, 0.459, 0.612
1, 1.001, 44.449, 54.6, 0.080, 0.092
2, 1.001, 44.449, 52.1, 0.461, 0.615
1, -44.393, 44.393, 54.5, 0.079, 0.091
2, -44.393, 44.393, 51.9, 0.459, 0.612
1, 1.001, 44.437, 54.6, 0.080, 0.092
2, 1.001, 44.437, 52.0, 0.460, 0.613
1, 1.003, 44.402, 54.7, 0.079, 0.091
2, 1.003, 44.402, 52.2, 0.459, 0.612
1, -44.429, 44.429, 54.5, 0.080, 0.092
2, -44.429, 44.429, 52.0, 0.460, 0.614
1, -44.423, 44.423, 54.5, 0.080, 0.091
2, -44.423, 44.423, 52.0, 0.459, 0.612
1, 1.000, 44.425, 54.6, 0.080, 0.092
2, 1.000, 44.425, 52.1, 0.460, 0.614
1, -44.421, 44.421, 54.5, 0.080, 0.092
2, -44.421, 44.421, 51.9, 0.459, 0.613
1, -44.416, 44.416, 54.5, 0.079, 0.091
2, -44.416, 44.416, 52.0, 0.459, 0.613
1, -44.413, 44.413, 54.5, 0.080, 0.092
2, -44.413, 44.413, 52.0, 0.459, 0.613
1, -44.421, 44.421, 54.5, 0.079, 0.091
2, -44.421, 44.421, 52.0, 0.459, 0.612
1, 1.004, 44.436, 54.8, 0.080, 0.092
2, 1.004, 44.436, 52.2, 0.459, 0.613
1, -44.420, 44.420, 54.5, 0.080, 0.092
2, -44.420, 44.420, 52.0, 0.459, 0.613
1, -44.436, 44.436, 54.5, 0.079, 0.091
2, -44.436, 44.436, 52.0, 0.459, 0.613
1, -44.437, 44.437, 54.5, 0.080, 0.092
2, -44.437, 44.437, 52.0, 0.459, 0.613
1, 1.000, 44.440, 54.6, 0.080, 0.092
2, 1.000, 44.440, 52.1, 0.460, 0.614
1, 1.037, 44.426, 56.6, 0.079, 0.091
2, 1.037, 44.426, 52.0, 0.459, 0.613
1, -44.438, 44.438, 54.5, 0.080, 0.092
2, -44.438, 44.438, 52.0, 0.460, 0.614
1, -44.438, 44.438, 54.5, 0.080, 0.092
2, -44.438, 44.438, 52.0, 0.460, 0.614
1, 1.042, 44.433, 56.8, 0.080, 0.092
2, 1.042, 44.433, 52.2, 0.460, 0.614
1, -44.432, 44.432, 54.5, 0.080, 0.092
2, -44.432, 44.432, 52.0, 0.460, 0.614
1, -44.429, 44.429, 54.5, 0.080, 0.092
2, -44.429, 44.429, 52.0, 0.459, 0.613
1, -44.430, 44.430, 54.5, 0.080, 0.092
2, -44.430, 44.430, 52.0, 0.459, 0.612
1, -44.434, 44.434, 54.5, 0.080, 0.092
2, -44.434, 44.434, 52.0, 0.459, 0.613
1, -44.440, 44.440, 54.5, 0.080, 0.092
2, -44.440, 44.440, 52.0, 0.460, 0.614
1, 1.000, 44.446, 54.5, 0.080, 0.092
2, 1.000, 44.446, 52.0, 0.460, 0.613
1, 1.040, 44.443, 56.7, 0.080, 0.092
2, 1.040, 44.443, 52.0, 0.460, 0.614
1, -44.433, 44.433, 54.5, 0.080, 0.092
2, -44.433, 44.433, 52.0, 0.459, 0.613
1, -44.442, 44.442, 54.5, 0.080, 0.092
2, -44.442, 44.442, 52.0, 0.459, 0.613
1, 1.004, 44.447, 54.8, 0.080, 0.092
2, 1.004, 44.447, 52.2, 0.459, 0.612
1, -44.442, 44.442, 54.5, 0.080, 0.092
2, -44.442, 44.442, 52.0, 0.460, 0.613
1, 1.004, 44.444, 54.8, 0.080, 0.092
2, 1.004, 44.444, 52.2, 0.460, 0.614
1, -44.436, 44.436, 54.5, 0.080, 0.092
2, -44.436, 44.436, 52.0, 0.459, 0.613
1, -44.441, 44.441, 54.5, 0.080, 0.092
2, -44.441, 44.441, 52.0, 0.460, 0.614
1, -44.443, 44.443, 54.5, 0.080, 0.092
2, -44.443, 44.443, 52.0, 0.459, 0.613
1, 1.016, 44.445, 55.4, 0.080, 0.092
2, 1.016, 44.445, 52.0, 0.460, 0.614
1, -44.445, 44.445, 54.5, 0.080, 0.092
2, -44.445, 44.445, 52.0, 0.460, 0.614
1, 1.000, 44.447, 54.6, 0.080, 0.092
2, 1.000, 44.447, 52.0, 0.460, 0.614
1, 1.004, 44.449, 54.7, 0.080, 0.092
2, 1.004, 44.449, 52.2, 0.460, 0.614
1, -44.439, 44.439, 54.5, 0.080, 0.092
2, -44.439, 44.439, 52.0, 0.460, 0.614
1, -44.445, 44.445, 54.5, 0.080, 0.092
2, -44.445, 44.445, 52.0, 0.460, 0.614
1, 1.004, 44.449, 54.7, 0.080, 0.092
2, 1.004, 44.449, 52.2, 0.460, 0.614
1, 1.035, 44.446, 56.5, 0.080, 0.092
2, 1.035, 44.446, 52.0, 0.460, 0.614
1, -44.441, 44.441, 54.5, 0.080, 0.092
2, -44.441, 44.441, 52.0, 0.460, 0.614
1, 1.000, 44.445, 54.6, 0.080, 0.092
2, 1.000, 44.445, 52.0, 0.460, 0.613
1, -44.442, 44.442, 54.5, 0.080, 0.092
2, -44.442, 44.442, 52.0, 0.460, 0.613
1, 1.035, 44.445, 56.5, 0.080, 0.092
2, 1.035, 44.445, 52.0, 0.460, 0.614
1, -44.442, 44.442, 54.5, 0.080, 0.092
2, -44.442, 44.442, 52.0, 0.459, 0.613
1, 1.000, 44.444, 54.5, 0.080, 0.092
2, 1.000, 44.444, 52.0, 0.459, 0.613
1, -44.442, 44.442, 54.5, 0.080, 0.092
2, -44.442, 44.442, 52.0, 0.459, 0.613
1, 1.000, 44.445, 54.6, 0.080, 0.092
2, 1.000, 44.445, 52.0, 0.460, 0.614
1, 1.003, 44.442, 54.7, 0.080, 0.091
2, 1.003, 44.442, 52.2, 0.459, 0.613
1, 1.039, 44.445, 56.7, 0.080, 0.092
2, 1.039, 44.445, 52.2, 0.460, 0.614
1, -44.444, 44.444, 54.5, 0.080, 0.092
2, -44.444, 44.444, 52.0, 0.460, 0.614
1, -44.444, 44.444, 54.5, 0.080, 0.092
2, -44.444, 44.444, 52.0, 0.459, 0.613
1, -44.444, 44.444, 54.5, 0.080, 0.092
2, -44.444, 44.444, 52.0, 0.460, 0.613
1, 1.000, 44.443, 54.5, 0.080, 0.092
2, 1.000, 44.443, 52.0, 0.460, 0.614
1, -44.444, 44.444, 54.5, 0.080, 0.092
2, -44.444, 44.444, 52.0, 0.460, 0.614
1, -44.444, 44.444, 54.5, 0.080, 0.092
2, -44.444, 44.444, 52.0, 0.460, 0.613
1, -44.444, 44.444, 54.5, 0.080, 0.092
2, -44.444, 44.444, 52.0, 0.460, 0.614
1, -44.444, 44.444, 54.5, 0.080, 0.092
2, -44.444, 44.444, 52.0, 0.460, 0.613
1, 1.000, 44.445, 54.6, 0.080, 0.092
2, 1.000, 44.445, 52.0, 0.460, 0.614
1, -44.444, 44.444, 54.5, 0.080, 0.092
2, -44.444, 44.444, 52.0, 0.460, 0.614
1, -44.444, 44.444, 54.5, 0.080, 0.092
2, -44.444, 44.444, 52.0, 0.459, 0.613
1, 1.004, 44.445, 54.8, 0.080, 0.092
2, 1.004, 44.445, 52.2, 0.460, 0.614
1, 1.004, 44.444, 54.7, 0.080, 0.092
2, 1.004, 44.444, 52.2, 0.460, 0.614
1, 1.037, 44.445, 56.6, 0.080, 0.092
2, 1.037, 44.445, 52.2, 0.460, 0.614
1, 1.000, 44.445, 54.5, 0.080, 0.092
2, 1.000, 44.445, 52.0, 0.460, 0.614
1, -44.445, 44.445, 54.5, 0.080, 0.092
2, -44.445, 44.445, 52.0, 0.460, 0.614
1, -44.445, 44.445, 54.5, 0.080, 0.092
2, -44.445, 44.445, 52.0, 0.460, 0.614
1, -44.445, 44.445, 54.5, 0.080, 0.092
2, -44.445, 44.445, 52.0, 0.460, 0.614
1, -44.445, 44.445, 54.5, 0.080, 0.092
2, -44.445, 44.445, 52.0, 0.460, 0.614
1, -44.445, 44.445, 54.5, 0.080, 0.092
2, -44.445, 44.445, 52.0, 0.460, 0.613
1, -44.445, 44.445, 54.5, 0.080, 0.092
2, -44.445, 44.445, 52.0, 0.460, 0.613
1, -44.446, 44.446, 54.5, 0.080, 0.092
2, -44.446, 44.446, 52.0, 0.459, 0.613
1, -44.446, 44.446, 54.5, 0.080, 0.092
2, -44.446, 44.446, 52.0, 0.460, 0.613
1, 1.004, 44.445, 54.8, 0.080, 0.092
2, 1.004, 44.445, 52.2, 0.460, 0.614
1, -44.445, 44.445, 54.5, 0.080, 0.092
2, -44.445, 44.445, 52.0, 0.460, 0.614
1, -44.445, 44.445, 54.5, 0.080, 0.092
2, -44.445, 44.445, 52.0, 0.460, 0.614
1, 1.001, 44.445, 54.6, 0.080, 0.092
2, 1.001, 44.445, 52.0, 0.459, 0.613
1, -44.445, 44.445, 54.5, 0.080, 0.092
2, -44.445, 44.445, 52.0, 0.460, 0.613
1, -44.445, 44.445, 54.5, 0.080, 0.092
2, -44.445, 44.445, 52.0, 0.460, 0.614
1, -44.445, 44.445, 54.5, 0.080, 0.092
2, -44.445, 44.445, 52.0, 0.460, 0.614
1, -44.445, 44.445, 54.5, 0.080, 0.092
2, -44.445, 44.445, 52.0, 0.460, 0.614
1, -44.445, 44.445, 54.5, 0.080, 0.092
2, -44.445, 44.445, 52.0, 0.460, 0.614
1, -44.446, 44.446, 54.5, 0.080, 0.092
2, -44.446, 44.446, 52.0, 0.460, 0.614
1, 1.004, 44.446, 54.8, 0.080, 0.092
2, 1.004, 44.446, 52.2, 0.460, 0.614
1, -44.445, 44.445, 54.5, 0.080, 0.092
2, -44.445, 44.445, 52.0, 0.460, 0.614
1, -44.445, 44.445, 54.5, 0.080, 0.092
2, -44.445, 44.445, 52.0, 0.460, 0.614
1, 1.000, 44.446, 54.6, 0.080, 0.092
2, 1.000, 44.446, 52.0, 0.460, 0.614
1, 1.000, 44.445, 54.6, 0.080, 0.092
2, 1.000, 44.445, 52.0, 0.460, 0.614
1, -44.446, 44.446, 54.5, 0.080, 0.092
2, -44.446, 44.446, 52.0, 0.460, 0.614
1, 1.040, 44.446, 56.7, 0.080, 0.092
2, 1.040, 44.446, 52.0, 0.460, 0.614
1, -44.445, 44.445, 54.5, 0.080, 0.092
2, -44.445, 44.445, 52.0, 0.460, 0.614
1, 1.000, 44.445, 54.6, 0.080, 0.092
2, 1.000, 44.445, 52.0, 0.460, 0.614
1, -44.445, 44.445, 54.5, 0.080, 0.092
2, -44.445, 44.445, 52.0, 0.460, 0.613
1, -44.445, 44.445, 54.5, 0.080, 0.092
2, -44.445, 44.445, 52.0, 0.460, 0.614
1, -44.445, 44.445, 54.5, 0.080, 0.092
2, -44.445, 44.445, 52.0, 0.460, 0.614
1, -44.445, 44.445, 54.5, 0.080, 0.092
2, -44.445, 44.445, 52.0, 0.460, 0.613
1, -44.445, 44.445, 54.5, 0.080, 0.092
2, -44.445, 44.445, 52.0, 0.460, 0.613
1, 1.000, 44.445, 54.6, 0.080, 0.092
2, 1.000, 44.445, 52.0, 0.460, 0.613
1, -44.445, 44.445, 54.5, 0.080, 0.092
2, -44.445, 44.445, 52.0, 0.460, 0.614
1, 1.038, 44.446, 56.6, 0.080, 0.092
2, 1.038, 44.446, 52.0, 0.460, 0.614
1, -44.445, 44.445, 54.5, 0.080, 0.092
2, -44.445, 44.445, 52.0, 0.460, 0.614
1, -44.445, 44.445, 54.5, 0.080, 0.092
2, -44.445, 44.445, 52.0, 0.460, 0.614
1, 1.004, 44.445, 54.7, 0.080, 0.092
2, 1.004, 44.445, 52.2, 0.460, 0.614
1, -44.445, 44.445, 54.5, 0.080, 0.092
2, -44.445, 44.445, 52.0, 0.460, 0.614
1, 1.000, 44.445, 54.6, 0.080, 0.092
2, 1.000, 44.445, 52.0, 0.460, 0.614
1, -44.445, 44.445, 54.5, 0.080, 0.092
2, -44.445, 44.445, 52.0, 0.460, 0.614
1, 1.000, 44.445, 54.5, 0.080, 0.092
2, 1.000, 44.445, 52.0, 0.460, 0.614
1, 1.000, 44.445, 54.5, 0.080, 0.092
2, 1.000, 44.445, 52.0, 0.460, 0.614
1, 1.004, 44.445, 54.7, 0.080, 0.092
2, 1.004, 44.445, 52.2, 0.460, 0.614
1, 1.000, 44.445, 54.5, 0.080, 0.092
2, 1.000, 44.445, 52.0, 0.460, 0.614
1, -44.445, 44.445, 54.5, 0.080, 0.092
2, -44.445, 44.445, 52.0, 0.460, 0.614
1, 1.003, 44.445, 54.7, 0.080, 0.092
2, 1.003, 44.445, 52.2, 0.460, 0.614
1, -44.445, 44.445, 54.5, 0.080, 0.092
2, -44.445, 44.445, 52.0, 0.460, 0.614
1, -44.445, 44.445, 54.5, 0.080, 0.092
2, -44.445, 44.445, 52.0, 0.460, 0.614
1, 1.034, 44.445, 56.4, 0.080, 0.092
2, 1.034, 44.445, 52.0, 0.460, 0.614
1, -44.445, 44.445, 54.5, 0.080, 0.092
2, -44.445, 44.445, 52.0, 0.460, 0.614
1, 1.004, 44.445, 54.7, 0.080, 0.092
2, 1.004, 44.445, 52.2, 0.460, 0.614
1, -44.445, 44.445, 54.5, 0.080, 0.092
2, -44.445, 44.445, 52.0, 0.460, 0.614
1, -44.445, 44.445, 54.5, 0.080, 0.092
2, -44.445, 44.445, 52.0, 0.460, 0.614
1, -44.445, 44.445, 54.5, 0.080, 0.092
2, -44.445, 44.445, 52.0, 0.460, 0.614
1, 1.000, 44.445, 54.6, 0.080, 0.092
2, 1.000, 44.445, 52.0, 0.460, 0.614
1, 1.000, 44.445, 54.5, 0.080, 0.092
2, 1.000, 44.445, 52.0, 0.460, 0.614
1, -44.445, 44.445, 54.5, 0.080, 0.092
2, -44.445, 44.445, 52.0, 0.460, 0.614
1, -44.446, 44.446, 54.5, 0.080, 0.092
2, -44.446, 44.446, 52.0, 0.460, 0.614
1, -44.445, 44.445, 54.5, 0.080, 0.092
2, -44.445, 44.445, 52.0, 0.460, 0.614
1, -44.446, 44.446, 54.5, 0.080, 0.092
2, -44.446, 44.446, 52.0, 0.460, 0.614
1, 1.000, 44.445, 54.5, 0.080, 0.092
2, 1.000, 44.445, 52.0, 0.460, 0.614
1, 1.000, 44.445, 54.5, 0.080, 0.092
2, 1.000, 44.445, 52.0, 0.460, 0.614
1, 1.040, 44.446, 56.7, 0.080, 0.092
2, 1.040, 44.446, 52.0, 0.460, 0.614
1, 1.000, 44.445, 54.5, 0.080, 0.092
2, 1.000, 44.445, 52.0, 0.460, 0.614
1, -44.446, 44.446, 54.5, 0.080, 0.092
2, -44.446, 44.446, 52.0, 0.460, 0.614
1, -44.446, 44.446, 54.5, 0.080, 0.092
2, -44.446, 44.446, 52.0, 0.460, 0.614
1, -44.446, 44.446, 54.5, 0.080, 0.092
2, -44.446, 44.446, 52.0, 0.460, 0.614
1, -44.446, 44.446, 54.5, 0.080, 0.092
2, -44.446, 44.446, 52.0, 0.460, 0.614
1, -44.446, 44.446, 54.5, 0.080, 0.092
2, -44.446, 44.446, 52.0, 0.460, 0.614
1, -44.446, 44.446, 54.5, 0.080, 0.092
2, -44.446, 44.446, 52.0, 0.460, 0.614
1, -44.446, 44.446, 54.5, 0.080, 0.092
2, -44.446, 44.446, 52.0, 0.460, 0.614
1, -44.446, 44.446, 54.5, 0.080, 0.092
2, -44.446, 44.446, 52.0, 0.460, 0.614
1, -44.446, 44.446, 54.5, 0.080, 0.092
2, -44.446, 44.446, 52.0, 0.460, 0.614
