0.75,0.5,0.5,0.0,0.5,0.5
0.7875000000000001,0.5,0.5,0.0,0.5,0.5
0.75,0.525,0.5,0.0,0.5,0.5
0.75,0.5,0.525,0.0,0.5,0.5
0.75,0.5,0.5,0.00025,0.5,0.5
0.75,0.5,0.5,0.0,0.525,0.5
0.75,0.5,0.5,0.0,0.5,0.525
0.7124999999999999,0.5083333333333333,0.5083333333333333,8.333333333333333e-05,0.5083333333333333,0.5083333333333333
0.6749999999999998,0.5125,0.5125,0.000125,0.5125,0.5125
0.7249999999999999,0.47916666666666663,0.5125,0.000125,0.5125,0.5125
0.7166666666666666,0.49722222222222223,0.4833333333333333,0.00016666666666666666,0.5166666666666666,0.5166666666666666
0.7055555555555555,0.49629629629629635,0.5027777777777778,0.0002222222222222222,0.5222222222222221,0.4888888888888888
0.6907407407407407,0.4950617283950617,0.5037037037037038,-3.703703703703706e-05,0.5296296296296295,0.5101851851851851
0.661111111111111,0.49259259259259247,0.5055555555555555,-0.0001805555555555556,0.5444444444444443,0.5152777777777775
0.6611111111111108,0.49259259259259247,0.5055555555555555,0.00015277777777777775,0.5444444444444445,0.5152777777777775
0.6166666666666663,0.4888888888888887,0.5083333333333333,0.00022916666666666664,0.5666666666666669,0.5229166666666663
0.6166666666666663,0.4888888888888888,0.5083333333333335,0.0002291666666666666,0.5333333333333333,0.5229166666666663
0.7166666666666666,0.49722222222222223,0.5020833333333334,5.729166666666665e-05,0.5270833333333333,0.5057291666666666
0.6499999999999997,0.4916666666666666,0.5062500000000001,0.00017187499999999996,0.53125,0.5171874999999997
0.6166666666666667,0.5138888888888887,0.49375000000000013,0.00011979166666666665,0.5520833333333333,0.5119791666666664
0.5916666666666663,0.5013888888888888,0.5263888888888891,6.249999999999995e-05,0.5597222222222225,0.5062499999999996
0.5291666666666663,0.5034722222222221,0.547916666666667,1.0416666666666604e-05,0.5812500000000003,0.5010416666666662
0.5648148148148144,0.5040123456790119,0.5148148148148148,-4.629629629629634e-05,0.5666666666666667,0.5398148148148144
0.6703703703703703,0.49822530864197523,0.505787037037037,0.00015509259259259258,0.5333333333333332,0.5016203703703702
0.593827160493827,0.4830504115226335,0.502854938271605,6.095679012345671e-05,0.5833333333333335,0.5125771604938265
0.6547067901234567,0.5051376028806583,0.5100887345679013,0.00010898919753086418,0.5302083333333334,0.5125192901234565
0.5932355967078187,0.49962920096021923,0.5110018004115227,1.549639917695469e-05,0.5614583333333336,0.527089763374485
0.6510866769547323,0.49857628172153623,0.5070907278806585,0.00012019354423868311,0.5403645833333333,0.5079877186213989
0.6076924725651573,0.4905297996684954,0.5057007673182443,6.533457647462271e-05,0.5679687500000001,0.5146803197873795
0.5841853137860076,0.483225898062414,0.5035067836934157,4.350726594650199e-05,0.5868489583333334,0.515760834619341
0.5834819387288521,0.5023872123151958,0.5102823502514864,0.0004368427069044353,0.5615740740740742,0.5117226794695926
0.5446673525377226,0.5072845221764974,0.5126457475994517,0.0007455418381344307,0.5701388888888892,0.5099451303155003
0.5709714601432705,0.4976738333841384,0.5098110520499926,0.00024164332799878066,0.5727237654320989,0.5202577255753692
0.6310578727518669,0.49835066963718677,0.507770808922992,0.0001505559901787075,0.5484543788580247,0.5110552203598915
0.5657440946819587,0.5068114494291814,0.5111587162383149,0.00018285553563036636,0.5875731417181072,0.509013850983399
0.6289360236704895,0.4954528623572953,0.5074771790595788,0.00017462013390759156,0.5453307854295268,0.5151440877458495
0.5839789389029658,0.4991615106986973,0.5095400306941853,0.0002121959266946201,0.5693275650505831,0.5165090864188266
0.595748672365191,0.4989588004333197,0.509097725251387,0.00019678594256564196,0.5641092685024435,0.5151456199040929
0.5955872056470047,0.4964585059918456,0.5079915587848653,0.000251088641689529,0.5647714120370372,0.513201499628486
0.5875743026977592,0.5018880506020422,0.5183356195701878,0.0002496713534522176,0.5606481481481483,0.5089863397347961
0.6000743026977592,0.49563805060204225,0.5093078417924098,0.000333004686785551,0.5641203703703705,0.5173196730681294
0.6000743026977594,0.5081380506020423,0.5020161751257433,0.00027831718678555093,0.5568287037037037,0.5118509230681295
0.6062089811996708,0.49892003733624557,0.5088797646555325,0.00030573142040601345,0.5534524297518005,0.5134333836077211
0.6072699057403594,0.5003689409761913,0.5090265795872392,0.0002936993485415714,0.5550142264660495,0.511388949914742
0.583730438815909,0.5007743615069467,0.5099111904728358,0.0003245193167995277,0.5654508195623286,0.5141158829442095
0.6013850390092468,0.5004702961088802,0.5092477323086384,0.00030140434060606046,0.5576233747401192,0.5120706831721089
0.5831833826264564,0.5027400180711038,0.5101806612889113,0.00031104488500176795,0.5684029312726838,0.5116172157726929
0.6004525815563673,0.4998750325199601,0.5092049888138772,0.00030705978655495207,0.5571900551320214,0.5129793416489641
0.5894441540812371,0.49076766544461303,0.5194405220480784,0.00034803998521203085,0.5651471077968867,0.5135758158392293
0.5841290797729759,0.48208247286589834,0.5281526955092462,0.00038290138442527086,0.5693063098434783,0.5144382622247792
0.5841531227937464,0.49520120971635284,0.5156065614449967,0.0003404980462601781,0.5668603477793935,0.5138577666242901
0.5755371646859961,0.4925666665200892,0.5187859760131759,0.00036004489908723696,0.5714788342990307,0.5147513083503807
0.5796524273257522,0.4942385323707371,0.5177831624834641,0.00034598868687969514,0.5705170982699489,0.5132419164725437
0.5952525429987134,0.4984659074826544,0.511349532231274,0.00031679201163613784,0.5605218159165033,0.513044985354859
0.5784234529513451,0.499418133248859,0.5183608729845531,0.00031463956159929194,0.5623872648803105,0.5074766891489549
0.5675980280781381,0.5013081745722674,0.5228873885806247,0.0003054569990061625,0.5615207121352805,0.5025551971893678
0.5776355159679349,0.4969076849569818,0.5186562961301151,0.0003301347534030898,0.566607635655447,0.509895278126924
0.5908482862410188,0.4980763518512362,0.5131762232059842,0.0003201276970778758,0.5620432708512393,0.5122575585478752
0.5864050841166423,0.4922149755873252,0.5099504100031333,0.0004207408594622293,0.5669463443248323,0.5150443300180135
0.5872819980524799,0.499469781848363,0.5162393171784242,0.00029243872995472054,0.5622226971923193,0.5105008373056005
0.5756237786358883,0.4986482788163611,0.523043723586309,0.00043310693397998195,0.5619735088210372,0.5099289493500282
0.5656420651303302,0.49974316522861884,0.5305698059870307,0.0005241160801252084,0.5605745572130372,0.5082926742107994
0.5752878621734975,0.49722107527867865,0.5211482259586318,0.00040172762422567045,0.5646783959967678,0.5100966873646899
0.5869581802241385,0.4978625327080968,0.5151692238941461,0.00034052767886482446,0.5627020521376214,0.511717340752079
0.5787462110859227,0.4952918955681298,0.5177284342247658,0.0004454462409855269,0.5646587546374552,0.5122589097557909
0.5851480513108407,0.4984253102783047,0.5166115964400095,0.0003306906077124221,0.5628317115536032,0.5109403554181481
0.5784666526098315,0.4970867372317986,0.5192793183576649,0.0003940782683579556,0.5642226194974804,0.5107834111980021
0.5848352983205618,0.49766858383902224,0.5161967475100258,0.0003539153262381073,0.5630821939775861,0.5114838583635597
0.5801725305263694,0.4962717175151632,0.5176986628351401,0.0004116569123522529,0.564176454222826,0.5117415641804034
0.5776847701341339,0.4951949211335924,0.5182421960327055,0.0004521400646721683,0.5648488255574375,0.512142168561531
0.580735507040864,0.4902713172115948,0.5265000132182147,0.0002971095483095123,0.5663015517519392,0.5109655350325626
0.5827953308068551,0.4993582385392955,0.5143367659931685,0.00040190941725570453,0.5627559434935405,0.5115333933603351
0.5778981545811288,0.49745999816576214,0.5203711932107246,0.00042238192316611744,0.5630749815219316,0.5108352567652158
0.5792979917388572,0.4978449253820111,0.5180297679098467,0.00036314823697577243,0.5632818595515683,0.5096091266646792
0.5821628266600579,0.495736463615758,0.5166526121400684,0.0003760774793062155,0.5655184010011098,0.5127996654023468
0.5848083423038033,0.4935196914798881,0.5185695924416093,0.0003798484487821419,0.5646617810098564,0.5126586900098163
0.5825039144234656,0.4969701506770927,0.5169477051725829,0.00038278611929518005,0.563629324100206,0.5116127112719815
0.5818272346276108,0.4993294649151795,0.5139905065433132,0.0004242498096283441,0.5628752641484501,0.5117321218249979
0.5800065627403538,0.4980621857626076,0.5185498638976705,0.00041861300409372083,0.5617148205171696,0.509930158170018
0.5797352641437155,0.49404675807899534,0.5227317552792115,0.00036856173859338437,0.5639711428260691,0.5103970471957067
0.581304242006637,0.4980087882061335,0.5161758187272878,0.00041032779186960417,0.5631492338178549,0.5113983531676751
0.5790353425537491,0.49686585784046267,0.5190349280229323,0.00041701941775918513,0.5636257178723788,0.5112884104728096
0.5797352611326133,0.49705832144858714,0.5178642153724934,0.0003874025746640127,0.5637291568871972,0.5106753454225412
0.5800895466333615,0.49716695163888536,0.5181242633664054,0.00041513495822298685,0.5629456373699978,0.5108358611752106
0.5824904364150864,0.4948957044975256,0.5181341276383746,0.0003957526805671974,0.5644191176163412,0.5122001270951099
0.5813382224749175,0.49662093409612795,0.5173231840038615,0.00039722151582371643,0.5639028891615161,0.5116771377261924
0.5809998825769901,0.49780059121517134,0.5158445846892267,0.0004179533609902985,0.563525859185638,0.5117368430027007
0.5811676785932138,0.4960040905654607,0.5171756374876042,0.00039386719582923396,0.564847427611968,0.5122706147913751
0.5803590796233247,0.4968762363705292,0.517887106896705,0.00040981801762454863,0.5634210849304904,0.5111945495792518
0.58004374166503,0.4950623327076274,0.5201361569006088,0.0003883370119400057,0.5642322810446119,0.5111888684894019
0.580760847349,0.49711602658828535,0.5169174777420722,0.00041054927372772534,0.5637024646503814,0.5115998493743761
0.5796039365400593,0.49656878767781293,0.5183667954290362,0.000414338165055719,0.5639010860476024,0.5115149873266065
0.5799538958294914,0.49666501948187514,0.5177814391038167,0.0003995297435081328,0.5639528055550116,0.5112084548014724
0.580265805074847,0.4965739769428462,0.5177928848659226,0.00041073746498840075,0.5637987695766582,0.5114680568798275
0.5813314834707279,0.4955837110063444,0.5179163952367574,0.00040370479645972517,0.5642977859195837,0.5119708456377566
0.5807553765006435,0.49644632580564557,0.5175109234195008,0.0004044392140879847,0.5640396716921711,0.511709350953298
0.5805862065516798,0.49703615436516724,0.5167716237621833,0.0004148051366712757,0.563851156704232,0.511739203591552
0.5801081360956997,0.49566702511139527,0.5189174098678744,0.00039999696214612927,0.5642043676337188,0.5114652163349025
0.5804666889376848,0.4966938720517242,0.5173080702886061,0.00041110309303998914,0.5639394594366037,0.5116707067773896
0.5798427369590831,0.49633936908627635,0.5181104925002589,0.0004125841777134218,0.5639824485605908,0.5114821875811872
0.5805272166152533,0.49641958662580327,0.5176608156896902,0.00040647545499434396,0.564025365909276,0.5116525601102703
0.5789985410371736,0.4974806090920639,0.5176198275006465,0.0004142421481865544,0.5636335276630757,0.5111145977208998
0.5793739529367132,0.4966326937267973,0.5183320715194779,0.0004078902033218119,0.5638898768882127,0.5112293668957706
0.5788275849362274,0.49660210456433385,0.5188440721349137,0.0004062837584627233,0.5638650856140173,0.5110086969549612
0.5789290040329647,0.49697801485304965,0.5182030780616564,0.00041298942414327996,0.5637588074085196,0.5111064491580563
0.5801276634696811,0.49655919368261486,0.5177963812826818,0.000408103947281578,0.5639587262840868,0.5115160323722168
0.5791443683716488,0.49681869678259627,0.518072174357677,0.00040784957491361547,0.5640387226436137,0.5113069442192955
0.5799854458990474,0.4966351569027837,0.5178627072388612,0.00041001549246970446,0.5638587578433971,0.5114277787146946
0.5797732417315413,0.49645220562098025,0.518015367177309,0.0004097735578370324,0.5640331655555193,0.5114854655380869
0.5791862469869434,0.49705665140943056,0.5179759495100622,0.00041106617575418315,0.5637617022756443,0.5111719823083352
0.5794889447383862,0.4966007407023051,0.5183494334742571,0.00041111418418876544,0.5638954814679076,0.5113721771111885
0.5796639243831023,0.4966488566043362,0.5180567553116473,0.00040370997341497236,0.5639213412216122,0.5112189108486215
0.5797508082031972,0.49659594370470606,0.5180642264010799,0.00040799707530169495,0.5639243015861497,0.5113726996339937
0.5798198790057801,0.49660333533482176,0.5180624781927002,0.00040931383415510633,0.5638443232324355,0.5113487118877991
0.5793213436864997,0.49692720153981873,0.5182649376257659,0.0004072569242084789,0.5637125100018014,0.5110858173571493
0.5794343181977601,0.49680845256010914,0.5182025450136516,0.00040788608261561725,0.5637926738902309,0.5111857294023837
0.5791461861429207,0.4968444442344064,0.5182645155506919,0.0004072407307105753,0.5638841358774838,0.5111682435122986
0.5796514557900653,0.4966636125597179,0.5181129875321981,0.00040879555829397354,0.5638542763936976,0.511303594793924
0.5791821394744596,0.4968743921495261,0.518279021052685,0.00040882365056141284,0.563780815792952,0.5111212208194141
0.5791250531157232,0.4968769831577836,0.5182856044283957,0.0004080345316582807,0.5638263541184889,0.5111295343346471
0.5788618517785522,0.4969836684568165,0.5183719128764945,0.00040765401834043434,0.5638123929808847,0.5110425041050086
0.5792391023473491,0.4967549866899506,0.5182237334185233,0.0004089934903508582,0.5638991833647086,0.5112286680369419
0.5793855142351574,0.4967950860925695,0.5182078421148695,0.0004081629345494275,0.5638193012588504,0.5111964640610233
0.5789166927793588,0.4969633258084679,0.5184198853882684,0.0004146539199296549,0.5637365027124066,0.5111880043281715
0.5794771164821664,0.49672747390536914,0.5181475378308026,0.00040644596004364296,0.5638751315943108,0.511211184218509
0.57922563700964,0.4967945589245011,0.5182486971570239,0.0004096286339599383,0.5638571527869887,0.5112153578349315
0.5793455449287781,0.4967949543005524,0.5182180558754081,0.0004085293594020552,0.563828764140885,0.5112011875045004
0.5790901775781683,0.49688466457676256,0.5183325074559594,0.0004120400749185268,0.5637858666337195,0.511197305439443
0.578945426935209,0.49710603907131246,0.5181249698064059,0.00040768048101665815,0.56372897848206,0.5109780219895148
0.5786736680336204,0.4973586882558161,0.5180127379724802,0.0004059636294306045,0.5636457269891362,0.5107809444286779
0.5789554540802941,0.49701552039665176,0.5182253187155874,0.00040998234634156933,0.5637624339228076,0.5110746230912078
0.5792480222166572,0.4968500958245773,0.5182198715854529,0.0004088926061369337,0.5638121815863657,0.5111695464011772
0.5791353437653669,0.496684971426156,0.5185487324393967,0.00040672100678369147,0.5638463222249557,0.5111030163183203
0.5791735211815493,0.49696373141361194,0.5181191452423959,0.00040997988351156023,0.5637828572629722,0.5111547408108315
0.5790487348572839,0.49692940554068743,0.5182712349163203,0.0004092570021924832,0.5637860681397697,0.5111005170286964
0.5789490911775972,0.49696906039874245,0.5182969165817539,0.00040943920022025785,0.5637730114164716,0.511066002342456
0.5790816404509699,0.4968043279940112,0.5184226578173521,0.0004079287643781643,0.563816462755429,0.5110972480249971
0.5790357000856801,0.4967246262842109,0.5185744141048301,0.0004069032048114663,0.5638332655016574,0.51106850163208
0.5790242090284663,0.496843745302992,0.5183612463577781,0.0004084448487449962,0.5638359874616841,0.5111131949539699
0.5787158142634636,0.497155794251119,0.5183179208370854,0.0004095631777923251,0.5637089632242472,0.5109663248970131
0.5788748018504404,0.4969941999592726,0.5183126226943126,0.00040458767382020957,0.5637873390089162,0.5109213928391974
0.5790363336462363,0.49691204842239006,0.5183275362655477,0.0004101769746439475,0.5637862347275187,0.5111283272893816
0.5788757571745718,0.49694021026766494,0.5184461674709577,0.0004082331913018957,0.5637711143629522,0.5110174132645465
0.5790299545570732,0.49678418579360145,0.5184678302313042,0.00040767402677823123,0.5638346264816707,0.511090848293025
0.579042217471482,0.49682701591244915,0.5184228245105752,0.00040808010350197474,0.5638096668207135,0.5110845093303882
0.5789905635104445,0.49691533267776167,0.518349691955618,0.0004072918429140622,0.5637811219918587,0.5110232618107974
0.5790803766007016,0.49680080472099725,0.5184300092666129,0.0004074688682348735,0.5638298098100731,0.5110990179833635
0.5790629388319242,0.49680464543048675,0.5184534607803948,0.00040947163986499656,0.5638095660676885,0.5111329035357615
0.5789828794486498,0.4968295858124585,0.5184843667593307,0.0004076008211332005,0.5638101679179202,0.5110594728428031
0.5791850471702525,0.4966795166388405,0.5184737568950724,0.0004072369432770478,0.5638617382273372,0.5111405887680635
0.5790153179339732,0.4967784928247893,0.5185044976422374,0.00040792395802479467,0.5638136855859712,0.5110728409774797
0.5790608611032348,0.4967932140959144,0.5184788991478568,0.00040780210989695804,0.5638018886158069,0.5110750082293032
0.5791236846807936,0.4966213610178052,0.5186401064876228,0.0004083543827554257,0.5638623153136018,0.5111598435176995
0.5790904043882064,0.4966948539327943,0.5185675028546217,0.0004080887477950848,0.563842016983166,0.511125698090974
0.5790238438030317,0.4968418397627726,0.5184222955886191,0.00040755747787440315,0.5638014203222944,0.5110574072375229
0.5790737642419127,0.49673160039028885,0.5185312010381211,0.0004079559303149144,0.5638318678179481,0.5111086253776111
0.578892106711539,0.4968745383072091,0.5185351895958512,0.00040864894473839565,0.5637717422749935,0.5110318620969495
0.5787456364821824,0.4969720491413935,0.5185659059462406,0.0004093549454690696,0.5637267442988216,0.5109774987613924
0.5789084475999535,0.4968052107525318,0.5185929674324776,0.00040637535001847113,0.5637963071783534,0.5109877457377952
0.578859720827549,0.4968206409726433,0.5186055518265558,0.0004075692933603475,0.5638021241510838,0.5110165535470839
0.5790105760343134,0.49680007081509664,0.5185105623175316,0.0004077439057628054,0.5638019474996261,0.5110603945587484
0.5788257549530048,0.49690507815320484,0.5185463703627617,0.00040734479809168814,0.5637621715095018,0.510966859459155
0.5787017503085508,0.4969918170346628,0.518553955025082,0.000407039231980075,0.5637273233552786,0.5108959764999268
0.5788273361335012,0.496871610174433,0.5185789450984278,0.00040742378675342474,0.5637788331644491,0.5109839119114867
0.578735716183095,0.49690737985410116,0.518613136488876,0.0004072637272487345,0.5637672759968606,0.5109456705878559
0.5788031849474489,0.4968561032977292,0.518636666769661,0.00040750785992310434,0.5637601678283313,0.5109596466503266
0.5787133376968483,0.4968693620403646,0.5187128167748261,0.00040746137931805626,0.5637351677835367,0.5109097335540884
0.5786700863830838,0.49693748602392346,0.5186859755976173,0.0004070305301292642,0.5637304775594687,0.5108919093745193
0.5789290100462509,0.49681824112457285,0.5185498671310824,0.00040770060105091205,0.5637928835793455,0.5110276080767396
0.5786141408849006,0.4970225575112893,0.5186078768104421,0.0004083170820890744,0.5636974370030121,0.5108826175348058
0.5786158745372129,0.49699704813316603,0.5186517603439762,0.00040772517952901617,0.5637060033998793,0.5108751809095017
0.5788507261689914,0.49686294287672117,0.5185753404343059,0.0004077067456704381,0.563771163534479,0.5109895012849301
0.5786171965065228,0.4970293225466037,0.5186027843765237,0.00040949422911211263,0.5636941985862467,0.5109156284308245
0.5788356348265958,0.4968612387010498,0.5185954216684892,0.0004071550697918815,0.5637707800303267,0.5109697164110525
0.5788100070724316,0.49682554734429396,0.5186396844368435,0.00040578134176911824,0.5637784400429469,0.5109232812904472
0.5787617291297447,0.4969354236921186,0.5185843505688914,0.00040846154454408175,0.563739668234853,0.5109639443936561
0.5787085466605225,0.4969026335121207,0.5186718800890322,0.00040816373796396426,0.563735511740717,0.510932948904185
0.5786361822750464,0.49695799900040427,0.5186750899023969,0.000407954121149723,0.5637146357844859,0.5108914562848279
0.578528910328074,0.49700552706224577,0.5187249646364425,0.0004080778088893655,0.5636863719094893,0.5108424337847768
0.5785490321179346,0.4970077992964742,0.5186981896575316,0.0004088133767274408,0.563686883248359,0.5108688136166137
0.5787639841494305,0.4968978788499059,0.5186211136657497,0.00040756964652577133,0.5637498058348347,0.5109444907124427
0.5786236894880143,0.4969210993580011,0.5187215151227487,0.00040720960263580374,0.5637213742438267,0.5108681010736055
0.5784902002690955,0.49700140927020947,0.5187744439346526,0.00040817596572058704,0.5636630563406899,0.5108095299431479
0.5787430521673997,0.4969040599483771,0.5186278198074841,0.00040761183149521534,0.5637498889585093,0.510940316419402
0.5785465749258227,0.4969772009608936,0.5187345107479089,0.0004080441676047218,0.5636921113781956,0.5108475597111783
0.5784378703140187,0.4970168620163875,0.5187912092889886,0.000408281428144197,0.5636632641498762,0.510799094210546
0.5785020144939943,0.4969954001999279,0.5187633682529829,0.00040814609467177993,0.5636727690610832,0.5108208151014779
0.5783814956572915,0.4970410703257032,0.5188311424757321,0.00040841322626006217,0.56363420911237,0.5107610644425158
0.5785533773672904,0.4968830735751537,0.5188577331384547,0.0004074728921349168,0.5637041450530329,0.510837996288644
0.5784072484939246,0.49699647759533316,0.5188556808763387,0.000407395954317011,0.5636556147527667,0.5107560140474179
0.5782565994106255,0.49704339963693944,0.518947581269992,0.00040701206249353443,0.5636156662587917,0.5106675466190342
0.5782502113621912,0.49708776159928114,0.5188929990222668,0.0004079485406880785,0.5636161248683655,0.5106985004191631
0.5782153668624173,0.4970915783620712,0.5189414619741837,0.0004084466300544227,0.5635948352829216,0.5106835993481652
0.5785216088316151,0.4969637191090186,0.5187765018356074,0.00040751885949045846,0.5636897395036005,0.5108219756422454
0.5782534053864083,0.4970655806181103,0.5189202901461294,0.00040748030159080647,0.5636158955635786,0.5106830235190987
0.5783190475339585,0.49704223498132133,0.518889361872862,0.0004077126443767983,0.5636249376855809,0.510714305530775
0.5784049883889579,0.4969632366060466,0.5189026572042233,0.0004072424773142256,0.5636599056559123,0.5107527714538391
0.5784015871682241,0.4970103002989165,0.5188410460089504,0.0004075281150491281,0.5636538888184937,0.5107575531651063
0.5783927548693497,0.4970244633495926,0.5188362729532172,0.00040754493569144997,0.5636510190841405,0.5107549902019055
0.5784401444493199,0.4969822494974703,0.5188345481963703,0.0004071108325646691,0.5636685202513092,0.5107678238463198
0.5782873928446494,0.49703008793091047,0.5189358578719808,0.00040717296962803316,0.563624759347944,0.5106892672252179
0.5782447931091457,0.4970994353987349,0.5188853135659607,0.00040743543813420474,0.563607027074536,0.5106728808602778
0.5782848419290988,0.4970653857005628,0.5188896494755264,0.00040738719792920996,0.5636202467198801,0.5106928535086681
0.5781578695420435,0.4971081345750088,0.5189717896668657,0.00040765920467194155,0.5635823213019961,0.5106328383552468
0.5780167320884053,0.49717107711377806,0.5190404104021136,0.00040793339072557773,0.5635392218273396,0.5105653456097103
0.5780799181950322,0.4971147919776149,0.5190381107263176,0.00040735458655653665,0.5635625567168977,0.5105824571355959
0.5783145457007703,0.4970470455065982,0.5188867323964923,0.00040749734840772166,0.5636289034923299,0.5107118569353282
0.5781366657495154,0.49710723837535875,0.5189939958360528,0.0004074727266095561,0.5635774440430656,0.5106164461143723
0.5781350687374068,0.4971183288659442,0.5189803502741215,0.0004077068461581921,0.5635775586954591,0.5106241845644045
0.5781520624665273,0.49710058252234424,0.5189881341370473,0.00040755318017680545,0.5635819905876418,0.5106273064174641
0.5781507870087521,0.49711823140717043,0.51896502993882,0.00040766029432739385,0.5635797342736099,0.5106290995591892
0.578167889811182,0.49710665604754967,0.5189648861374878,0.000407823017551188,0.5635820797564602,0.5106398255702427
0.5782047434788775,0.49709777023168533,0.5189383416776654,0.0004077391632085138,0.5635951204557401,0.5106601679058079
0.5781390954475351,0.4971303103541319,0.5189650550196989,0.0004079992374396675,0.5635744578223512,0.5106321970945673
0.5780491350410588,0.4971506252052875,0.5190296136254311,0.0004078194922510944,0.5635498938652139,0.5105791516993848
0.5781658413694228,0.4971109839750859,0.5189611596646069,0.00040775924546915894,0.5635838138081086,0.5106399138542022
0.5780880371505135,0.49713741146188695,0.5190067956384896,0.0004077994099904493,0.5635612005128454,0.5105994057509906
0.578059371155198,0.4971519911942023,0.5190170389992759,0.0004077277687215072,0.563555974816622,0.510586020761866
0.5780615907547325,0.4971355638343101,0.5190341981102571,0.0004074610592603078,0.5635574357488216,0.5105782571266411
0.5781197192743344,0.49713162372417646,0.5189823407923384,0.0004078646928948276,0.5635702023039688,0.5106187121025858
0.5780395432820429,0.4971521068869403,0.5190399934756422,0.00040786813522839264,0.5635489819743492,0.5105778921764846
0.5781229760770747,0.4971267002771129,0.5189837708230256,0.0004077122545526436,0.5635720461987948,0.5106162977135131
0.5780285723611169,0.49717846169002267,0.5190154348394078,0.00040802827417092696,0.5635434108640349,0.510576015750226
0.5780100672981409,0.4971807596211155,0.5190349135574288,0.0004079817508604519,0.5635364601457428,0.5105630813318928
0.5779888661024821,0.49718384339519645,0.5190504472942419,0.0004078629234456913,0.5635325691511577,0.5105500102034803
0.577923439516556,0.4972099532307065,0.5190845005451936,0.00040786203872112314,0.5635137525747522,0.5105156592539277
0.5779409059748775,0.4972078145482878,0.5190712427539601,0.0004080655847522247,0.5635175662404528,0.5105303287558756
0.5778498709237789,0.49724837168387515,0.5191149787194274,0.00040824224985201523,0.5634903262612818,0.5104873442770568
0.5779268011762269,0.49722057105898065,0.5190697003103197,0.00040806715423501064,0.5635138671689379,0.5105241950533597
0.5778461831890835,0.49726215085752745,0.5191011526462348,0.0004082010263572913,0.5634902004969842,0.5104865897045441
0.5778844045161706,0.4972427112144403,0.5190874948318531,0.00040829654804921413,0.5634971680919486,0.5105044363567104
0.5778671473619363,0.49723765722675917,0.5191131189892029,0.00040808546722589006,0.5634943177871736,0.5104905815705117
0.5779882161113218,0.49719326057420676,0.5190398558768565,0.00040804257243466776,0.5635311375948195,0.5105546572052975
0.5778652938526271,0.4972524310359839,0.519094323739044,0.0004082487872032527,0.5634936842944664,0.5104955130306272
0.5778935445819805,0.4972349827029076,0.5190861977000975,0.000408133305554758,0.5635038833687185,0.5105084592302098
0.5779175246457828,0.497222997126362,0.5190757999702383,0.00040803197490149135,0.5635113848240709,0.5105182999540122
0.5779314576387444,0.49721661398565276,0.5190707815241742,0.0004080672085414345,0.5635147111621619,0.5105259676571272
0.5779281252436121,0.4972214552393215,0.5190680331018318,0.0004080913886088716,0.5635133303213635,0.5105248355182184
0.5779373777751002,0.49722030627377506,0.5190582937428213,0.00040811465026410916,0.5635168056805095,0.510531302727385
0.5779151095330027,0.4972303354699666,0.5190699305413508,0.00040811837307072553,0.5635094888911336,0.5105190436337614
0.5778717471076584,0.49725327801532615,0.5190850630563328,0.00040820152492714615,0.5634969203406808,0.5104992271990556
0.577916530005973,0.4972257799930711,0.5190743519072138,0.00040810078763786243,0.5635102634567917,0.5105192825426093
0.5778866747404299,0.4972441120079078,0.5190814926732932,0.00040816794583071824,0.563501368046051,0.5105059123135736
0.5779090661895872,0.49723036299678025,0.5190761370987337,0.0004081175771860764,0.5635080396041066,0.5105159399853503
0.5778557385208554,0.49725729094675564,0.5190977381926394,0.000408224906780272,0.5634919423957253,0.5104910513675857
0.5778818539174332,0.4972425739919447,0.5190884763082366,0.00040811650062939133,0.5635007926605275,0.5105024448292781
0.5778806463610431,0.497246243163747,0.5190855415937927,0.0004081596997140084,0.5634998446940589,0.5105028166691528
0.5778871542163478,0.49724180304842447,0.5190845928740333,0.00040814620748308146,0.5635017654091738,0.5105057126113812
0.5778917804820919,0.4972412285656512,0.5190797231945281,0.00040815783831070024,0.5635035030887469,0.5105089462159645
0.5778813565975283,0.49724396542529925,0.5190877522767243,0.0004081509069975769,0.5635002319768879,0.5105029361235767
0.5779005864003206,0.49723536407077573,0.5190780081052107,0.0004080858197170778,0.5635068370464013,0.51051209735038
0.5778893744304543,0.4972408457897707,0.5190829406270678,0.00040812059148287634,0.5635031133837323,0.5105068358546814
0.5778640185532584,0.4972523624247361,0.5190948144772357,0.0004081587634933413,0.5634954965787559,0.5104945172669111
0.5778637698933059,0.49725305814141335,0.5190944524614796,0.0004081759666774341,0.563495216236936,0.5104947629140604
0.5778634147750633,0.4972541970106372,0.5190933471200138,0.0004081803630356499,0.5634950225955215,0.5104947031868484
0.5778666687027156,0.49725197695297596,0.519092872760134,0.0004081736169201864,0.563495982953079,0.5104961511579627
0.5778689818355878,0.49725168971158934,0.5190904379203815,0.0004081794323339958,0.5634968517928656,0.5104977679602543
0.5778509608549695,0.49725972090214154,0.5190994454194371,0.00040821296656878164,0.5634910714463548,0.5104888205360649
0.5778559745303167,0.4972585687673589,0.5190957549653247,0.00040821569380443846,0.563492618595158,0.5104917478863338
0.5778466754795637,0.49726153449909544,0.519101903870493,0.00040820711212059813,0.5634898523151455,0.5104864905016837
0.5778461892839316,0.49726299152183223,0.5191003731323995,0.0004082209595915479,0.563489699897145,0.5104867380770854
0.577840802571797,0.49726478415634,0.519103820477994,0.0004082300954186313,0.5634881193057673,0.5104841427677097
0.5778294964701638,0.4972700777291914,0.5191090571569841,0.0004082549616101221,0.56348466766089,0.5104788625581402
0.5778461016969557,0.4972627125405188,0.5191009260910862,0.0004082114902326132,0.5634899358597791,0.5104867060925184
0.5778436721179487,0.4972642083597074,0.5191016664269106,0.0004082107520645289,0.5634893680664912,0.5104856488707452
0.5778235381806225,0.49727403501886536,0.5191101831940401,0.000408263464318684,0.5634830086552884,0.5104762271154726
0.5778558860721923,0.4972574914694483,0.5190972003686105,0.00040819607876981076,0.5634927393786313,0.5104911701473401
0.5778377990835597,0.4972663951348551,0.5191049916240351,0.00040823322592136764,0.5634873017603346,0.5104827843253293
0.5778461424430197,0.4972624316990231,0.5191010393686605,0.00040820625829495225,0.5634900681783817,0.5104866478985313
0.5778463885882597,0.49726212351980714,0.5191014149807895,0.00040820930117660566,0.5634898940874623,0.5104865982971011
0.5778461454904437,0.4972628520311755,0.5191006496117428,0.0004082162249120806,0.5634898178784621,0.510486722084802
0.5778510381136361,0.4972606406539388,0.5190983405282055,0.0004082135920185258,0.5634912772274685,0.5104892269894261
0.5778563851998357,0.4972573447467474,0.5190968994256101,0.0004081925535763998,0.5634929594064291,0.5104914286252406
0.5778419493870552,0.49726397923677035,0.5191036331724361,0.00040820942601948063,0.5634887151628145,0.5104844021184147
0.5778454473723502,0.4972627040376017,0.5191017989332395,0.0004082178156512303,0.5634894732067122,0.5104862326159374
0.5778456211400176,0.49726263595295705,0.5191016090420948,0.0004082149263121608,0.5634896219496296,0.5104863364365858
0.5778563980839628,0.4972574875411369,0.5190967191505513,0.0004081847481550793,0.563493013021191,0.5104912802262248
0.577851748333862,0.4972597144395665,0.5190987872689222,0.0004081968675966514,0.5634915852059769,0.510489156251001
0.5778440255420054,0.49726334588864457,0.5191022796317611,0.0004082104581260469,0.5634893255112968,0.5104855541054666
0.5778458614184867,0.4972626742467379,0.5191012675665905,0.000408213208272387,0.5634897789047044,0.5104865212645522
0.5778462451426076,0.49726241803016297,0.5191011705359379,0.00040821039570460943,0.5634899149736208,0.5104866521948097
0.5778461235936997,0.49726278228584714,0.5191007878514144,0.0004082138575723469,0.5634898768691206,0.5104867140886602
0.5778512434483958,0.49726002864363306,0.5190989127583481,0.0004082020219045065,0.5634914476331041,0.5104890673588796
0.5778419503902577,0.497264553837687,0.5191029588575606,0.00040822235807699044,0.5634886188100569,0.5104847452089238
0.5778512498904593,0.49726010004082777,0.5190988226208189,0.0004081981191938462,0.563491474440485,0.5104889931593717
0.577848925015409,0.4972612134900426,0.5190998566800042,0.0004082041789146323,0.5634907605328778,0.5104879311717597
0.577850807896513,0.4972605971903363,0.5190986941960326,0.00040820792607431804,0.5634912460797722,0.51048897661826
0.5778457211306323,0.4972626587140675,0.5191013832728291,0.0004082098251131147,0.5634898056534157,0.510486409733665
0.5778461734197817,0.49726256528534085,0.519101048313512,0.0004082109429686113,0.5634899254167,0.5104866791436641
0.5778461126453277,0.497262747413183,0.5191008569712503,0.00040821267390248007,0.5634899063644498,0.5104867100905893
0.5778475133561823,0.4972619630152807,0.5191003913855452,0.0004082078345736227,0.5634903481963285,0.510487318632139
0.5778459815577213,0.4972626933936284,0.5191010968288383,0.0004082123492525001,0.5634898573822418,0.5104866136785353
0.5778486725726757,0.4972613705920759,0.5190999194247171,0.00040820675606855985,0.5634906917464416,0.510487886725699
0.5778450636194805,0.49726302921458165,0.5191016028614237,0.0004082109741793301,0.5634896306855379,0.5104861300989925
0.5778484547967344,0.4972616548654276,0.5190998101435593,0.00040820970815346564,0.5634905909697756,0.5104878413553893
0.5778447732515588,0.4972634082457172,0.5191014571532134,0.00040821491029253786,0.56348949631665,0.510486069605246
0.5778476977423965,0.4972618800054862,0.5191003038568411,0.0004082087946245544,0.5634903928889937,0.5104874324455857
0.5778459939301236,0.49726278815258085,0.5191009560161506,0.0004082141518044522,0.5634898547643181,0.5104866756366215
0.5778471334996677,0.49726216929960576,0.5191005325431965,0.0004082094138813301,0.5634902248383259,0.5104871578832597
0.5778446120572158,0.49726326778049346,0.5191017780580154,0.0004082121801338975,0.5634894899470544,0.5104859250893281
0.5778443405498268,0.49726350523210383,0.5191017757451251,0.0004082142221659231,0.5634893870471901,0.510485831547046
0.5778468584442541,0.49726228631214064,0.5191006718289122,0.00040821015150989653,0.5634901414285428,0.5104870322209507
0.5778453568770858,0.4972629901605061,0.5191013520745508,0.00040821183518325536,0.5634897129034168,0.5104863155909233
0.5778460416273385,0.4972627029670736,0.5191010114599622,0.00040821191974255665,0.5634898966210105,0.5104866598855269
0.5778461375583688,0.4972626389129298,0.5191009872022991,0.00040821121660061224,0.5634899306382395,0.5104866926180913
0.5778461071711417,0.4972627299768509,0.5191008915311682,0.00040821208206754663,0.5634899211121145,0.5104867080915538
0.5778466175983117,0.4972624409200623,0.5191007293171414,0.00040821045205697166,0.5634900803490526,0.5104869319878891
0.5778468997196762,0.4972622962730025,0.5191006149739636,0.0004082101424285838,0.5634901643743864,0.5104870692690521
0.5778462373384678,0.497262652033075,0.5191008546136584,0.00040821142396989685,0.5634899731016805,0.5104867710210632
0.5778462123934431,0.4972626487530387,0.5191008877608186,0.0004082113721275757,0.5634899624858203,0.5104867514203203
0.577845246068416,0.4972631121663477,0.5191013177709454,0.0004082129080415892,0.563489672069345,0.5104862884205253
0.5778464863068611,0.4972625002463388,0.519100790673209,0.00040821083383183517,0.5634900412981261,0.5104868740569204
0.5778456594812311,0.49726290819301144,0.5191011420717,0.00040821221663833783,0.5634897951456053,0.510486483632657
0.5778462796004535,0.49726260223300695,0.5191008785228317,0.0004082111795334608,0.5634899797599959,0.5104867764508545
0.5778454155238277,0.4972630212902695,0.5191012531629978,0.0004082128409053644,0.5634897225649931,0.5104863738560101
0.5778463170796907,0.4972625860126141,0.5191008602786055,0.00040821104926906985,0.5634899909030378,0.5104867924549193
0.5778457160424487,0.4972628761977177,0.5191011222015337,0.0004082122436932662,0.5634898120110079,0.5104865133889799
0.5778455656690178,0.4972629512988949,0.5191011851835416,0.00040821246814881044,0.5634897672377206,0.5104864417057531
0.5778461011175946,0.49726268949947894,0.5191009551880092,0.0004082115016872982,0.5634899266294271,0.5104866927645791
0.5778455957840787,0.4972629183610099,0.5191011984212849,0.0004082123187412698,0.5634897725597652,0.5104864471843736
0.5778455305440254,0.49726289993191736,0.5191012969476406,0.0004082116876925399,0.563489764416021,0.5104864035440801
0.5778459630143626,0.4972627724656175,0.5191009928852863,0.00040821198347379493,0.5634898819380911,0.5104866319546855
0.577845490563162,0.49726296806466885,0.5191012458565587,0.00040821242866828715,0.5634897440015965,0.5104863986010902
0.5778459484789864,0.49726275914077644,0.5191010278551467,0.00040821173343254545,0.5634898809724694,0.510486619223707
0.5778455190039673,0.4972629733216419,0.5191011950496672,0.0004082119485096917,0.5634897687938327,0.5104864179262023
0.5778454496134784,0.4972629707751061,0.5191012810124702,0.00040821187312375235,0.5634897457619992,0.5104863745142161
0.5778458346641415,0.49726282204298966,0.5191010649170823,0.0004082119558862843,0.5634898478940682,0.5104865675945681
0.5778458103504616,0.49726284293108036,0.5191010605703767,0.00040821171937115245,0.5634898523268059,0.5104865620093604
0.5778457292870207,0.49726285135051246,0.5191011390828184,0.0004082116627079343,0.563489824381598,0.5104865108417209
0.5778458487405171,0.49726281545076434,0.5191010622561856,0.0004082119044869415,0.5634898542097722,0.5104865766384461
0.5778459088697022,0.49726279436911824,0.5191010241463099,0.0004082118669629397,0.5634898739353935,0.5104866097407492
0.5778460250879711,0.4972627358406476,0.5191009769731164,0.0004082116118325793,0.5634899084161242,0.5104866626581127
0.5778460323556591,0.4972627425030681,0.5191009594881862,0.00040821173685320406,0.5634899088989351,0.510486669023602
0.5778459403031594,0.49726277250307893,0.5191010173409467,0.00040821150819853524,0.5634898874289447,0.5104866193471709
0.5778460309532254,0.4972627371055377,0.5191009642593247,0.0004082113385783981,0.5634899182276234,0.5104866666857155
0.5778458565608562,0.4972628171372845,0.5191010453044632,0.0004082115401480331,0.5634898672917712,0.5104865820085834
0.5778459829561924,0.49726275616480686,0.5191009940559531,0.0004082115939114427,0.563489898135036,0.5104866424957304
0.5778458986926349,0.49726279681312524,0.5191010282216265,0.00040821155806916966,0.5634898775728594,0.5104866021709658
0.5778458047388269,0.49726282857821635,0.5191010857005401,0.0004082113555327304,0.563489856366935,0.5104865533588819
0.5778459754514511,0.4972627640218552,0.5191009910412747,0.00040821164152308564,0.5634898957659351,0.510486640107422
0.5778457876406691,0.4972628429478527,0.5191010898567183,0.0004082118547890989,0.5634898395510175,0.5104865468373372
0.5778459701250863,0.49726276356611643,0.5191009956586732,0.0004082114676310733,0.563489898558472,0.5104866367236209
0.5778459154919882,0.49726278194551565,0.5191010325869523,0.00040821157647027376,0.5634898801206886,0.5104866084671197
0.5778459560237086,0.4972627777357996,0.5191009933307315,0.00040821160480188285,0.5634898940932925,0.5104866340509394
0.5778460001947954,0.497262754676822,0.5191009771563564,0.00040821152415089143,0.5634899067163193,0.5104866541317421
0.5778460210000576,0.49726274252179886,0.5191009717160164,0.0004082114992155742,0.5634899116443619,0.5104866627198447
0.5778460385742035,0.497262738281187,0.5191009585661804,0.0004082115658778494,0.5634899158128571,0.5104866730999702
0.5778460663250906,0.49726272482302825,0.5191009451752054,0.00040821141440550564,0.5634899270437013,0.510486686389117
0.577845981669995,0.4972627597999741,0.519100990119269,0.00040821147054773084,0.5634899026798571,0.5104866441837901
0.5778459257007427,0.49726278491711473,0.5191010184915984,0.00040821164073414983,0.5634898833277315,0.5104866168262011
0.5778459392593376,0.4972627813501162,0.5191010075426481,0.00040821160309693975,0.5634898892881941,0.5104866251975922
0.5778460005648776,0.49726275222887817,0.5191009806726743,0.0004082115251859156,0.56348990605532,0.5104866533392816
0.5778459596945176,0.4972627716430369,0.5191009985859902,0.00040821157712659837,0.563489894877236,0.5104866345781554
0.577845971264241,0.4972627680196285,0.5191009919616357,0.0004082116672910723,0.5634898956518252,0.5104866405317685
0.5778459790685565,0.4972627618548877,0.5191009905798607,0.0004082115197335662,0.5634899009228491,0.5104866432707846
0.5778459738656795,0.49726276596471486,0.519100991501044,0.00040821161810523693,0.5634898974088332,0.510486641444774
0.5778459751663987,0.4972627649372581,0.5191009912707483,0.0004082115935123193,0.5634898982873372,0.5104866419012767
0.5778460085944719,0.4972627472430172,0.5191009793390192,0.0004082115333514435,0.5634899079902338,0.510486657279819
0.5778460136988492,0.49726274872881676,0.5191009722913422,0.0004082115654833815,0.5634899095937553,0.5104866614593597
0.5778460306957367,0.49726274209177784,0.5191009623385382,0.0004082115336796058,0.5634899153685076,0.5104866703353369
0.5778460288603322,0.49726274513815916,0.5191009597109089,0.000408211547517248,0.5634899149765358,0.510486670071729
0.5778460509458756,0.4972627336086704,0.5191009516237213,0.0004082115071917523,0.5634899212880492,0.5104866801121303
0.5778460403827561,0.49726273719770325,0.5191009583354734,0.0004082115049830897,0.5634899183913141,0.5104866746816515
0.5778460377813177,0.4972627392526168,0.5191009587960652,0.0004082115541689249,0.5634899166343063,0.5104866737686463
0.5778460498301976,0.49726273341215527,0.5191009536121761,0.000408211532302182,0.5634899200790455,0.5104866792593975
0.5778460586555572,0.4972627264571059,0.5191009542068947,0.00040821151339285114,0.5634899221718539,0.5104866825855614
