0.5,0.0,0.0,0.0,0.0,0.0, 59.461, 108.5, 59.461, 101.0, 3.841 
0.5,0.0,0.0,0.0,0.0,0.5, 58.814, 98.9, 58.814, 79.8, 3.278 
0.5,0.0,0.0,0.0,0.0,1.0, 58.646, 122.4, 58.646, 104.5, 4.160 
0.5,0.0,0.0,0.0,0.5,0.0, 59.933, 130.8, 59.933, 96.9, 4.175 
0.5,0.0,0.0,0.0,0.5,0.5, 59.487, 143.1, 59.487, 93.4, 4.336 
0.5,0.0,0.0,0.0,0.5,1.0, 59.430, 160.3, 59.430, 105.0, 4.865 
0.5,0.0,0.0,0.0,1.0,0.0, 60.528, 156.1, 60.528, 164.5, 5.878 
0.5,0.0,0.0,0.0,1.0,0.5, 60.080, 172.9, 60.080, 175.0, 6.378 
0.5,0.0,0.0,0.0,1.0,1.0, 60.033, 181.5, 60.033, 137.7, 5.853 
0.5,0.0,0.0,0.5,0.0,0.0, 58.815, 100.4, 58.815, 113.1, 3.915 
0.5,0.0,0.0,0.5,0.0,0.5, 58.355, 106.1, 58.355, 106.9, 3.905 
0.5,0.0,0.0,0.5,0.0,1.0, 58.178, 118.9, 58.178, 123.7, 4.447 
0.5,0.0,0.0,0.5,0.5,0.0, 59.313, 122.5, 59.313, 112.0, 4.299 
0.5,0.0,0.0,0.5,0.5,0.5, 58.829, 120.9, 58.829, 98.7, 4.027 
0.5,0.0,0.0,0.5,0.5,1.0, 58.746, 138.2, 58.746, 112.6, 4.598 
0.5,0.0,0.0,0.5,1.0,0.0, 59.914, 146.4, 59.914, 111.8, 4.734 
0.5,0.0,0.0,0.5,1.0,0.5, 59.447, 167.6, 59.447, 115.2, 5.185 
0.5,0.0,0.0,0.5,1.0,1.0, 59.486, 167.4, 59.486, 112.7, 5.134 
0.5,0.0,0.0,1.0,0.0,0.0, 58.524, 103.0, 58.524, 132.4, 4.314 
0.5,0.0,0.0,1.0,0.0,0.5, 58.109, 103.5, 58.109, 124.4, 4.179 
0.5,0.0,0.0,1.0,0.0,1.0, 58.210, 113.7, 58.210, 140.0, 4.651 
0.5,0.0,0.0,1.0,0.5,0.0, 58.886, 138.2, 58.886, 126.9, 4.861 
0.5,0.0,0.0,1.0,0.5,0.5, 58.522, 129.6, 58.522, 126.7, 4.699 
0.5,0.0,0.0,1.0,0.5,1.0, 58.731, 130.4, 58.731, 112.3, 4.450 
0.5,0.0,0.0,1.0,1.0,0.0, 59.105, 160.2, 59.105, 125.6, 5.241 
0.5,0.0,0.0,1.0,1.0,0.5, 59.104, 142.8, 59.104, 117.7, 4.776 
0.5,0.0,0.0,1.0,1.0,1.0, 59.203, 156.0, 59.203, 127.0, 5.188 
0.5,0.0,0.5,0.0,0.0,0.0, 44.450, 70.8, 44.450, 62.7, 2.447 
0.5,0.0,0.5,0.0,0.0,0.5, 44.539, 65.8, 44.539, 53.5, 1.206 
0.5,0.0,0.5,0.0,0.0,1.0, 44.921, 94.3, 44.921, 76.6, 3.132 
0.5,0.0,0.5,0.0,0.5,0.0, 44.634, 82.1, 44.634, 59.4, 2.593 
0.5,0.0,0.5,0.0,0.5,0.5, 44.870, 84.4, 44.870, 55.4, 2.564 
0.5,0.0,0.5,0.0,0.5,1.0, 45.315, 109.8, 45.315, 69.3, 3.284 
0.5,0.0,0.5,0.0,1.0,0.0, 44.732, 100.3, 44.732, 121.4, 4.064 
0.5,0.0,0.5,0.0,1.0,0.5, 45.124, 107.9, 45.124, 79.8, 3.441 
0.5,0.0,0.5,0.0,1.0,1.0, 45.598, 129.5, 45.598, 97.1, 4.154 
0.5,0.0,0.5,0.5,0.0,0.0, 44.086, 70.8, 44.086, 80.9, 2.781 
0.5,0.0,0.5,0.5,0.0,0.5, 44.300, 60.8, 44.300, 61.6, 2.245 
0.5,0.0,0.5,0.5,0.0,1.0, 44.653, 78.3, 44.653, 77.9, 2.863 
0.5,0.0,0.5,0.5,0.5,0.0, 44.312, 84.1, 44.312, 77.8, 2.968 
0.5,0.0,0.5,0.5,0.5,0.5, 44.506, 79.3, 44.506, 65.3, 2.650 
0.5,0.0,0.5,0.5,0.5,1.0, 44.937, 91.6, 44.937, 72.2, 3.002 
0.5,0.0,0.5,0.5,1.0,0.0, 44.571, 94.9, 44.571, 72.5, 3.069 
0.5,0.0,0.5,0.5,1.0,0.5, 44.800, 99.8, 44.800, 69.2, 3.099 
0.5,0.0,0.5,0.5,1.0,1.0, 45.320, 114.4, 45.320, 75.0, 3.471 
0.5,0.0,0.5,1.0,0.0,0.0, 43.912, 72.5, 43.912, 88.9, 2.960 
0.5,0.0,0.5,1.0,0.0,0.5, 44.187, 66.1, 44.187, 71.1, 2.515 
0.5,0.0,0.5,1.0,0.0,1.0, 44.690, 72.6, 44.690, 86.1, 2.909 
0.5,0.0,0.5,1.0,0.5,0.0, 44.086, 88.2, 44.086, 98.5, 3.423 
0.5,0.0,0.5,1.0,0.5,0.5, 44.375, 74.8, 44.375, 73.8, 2.724 
0.5,0.0,0.5,1.0,0.5,1.0, 44.961, 89.5, 44.961, 85.6, 3.209 
0.5,0.0,0.5,1.0,1.0,0.0, 44.154, 101.3, 44.154, 95.8, 3.614 
0.5,0.0,0.5,1.0,1.0,0.5, 44.647, 92.9, 44.647, 77.5, 3.125 
0.5,0.0,0.5,1.0,1.0,1.0, 45.187, 103.1, 45.187, 81.9, 3.392 
0.5,0.0,1.0,0.0,0.0,0.0, 35.533, 61.1, 35.533, 53.9, 1.120 
0.5,0.0,1.0,0.0,0.0,0.5, 35.910, 50.1, 35.910, 40.5, -35.910 
0.5,0.0,1.0,0.0,0.0,1.0, 36.419, 125.1, 36.419, 100.6, 4.139 
0.5,0.0,1.0,0.0,0.5,0.0, 35.634, 65.5, 35.634, 47.9, 1.201 
0.5,0.0,1.0,0.0,0.5,0.5, 36.061, 64.3, 36.061, 42.2, 1.178 
0.5,0.0,1.0,0.0,0.5,1.0, 36.636, 132.8, 36.636, 84.2, 3.978 
0.5,0.0,1.0,0.0,1.0,0.0, 35.764, 79.6, 35.764, 57.5, 2.512 
0.5,0.0,1.0,0.0,1.0,0.5, 36.209, 78.1, 36.209, 56.8, 2.473 
0.5,0.0,1.0,0.0,1.0,1.0, 36.777, 161.3, 36.777, 84.4, 4.506 
0.5,0.0,1.0,0.5,0.0,0.0, 35.308, 59.3, 35.308, 65.8, 2.294 
0.5,0.0,1.0,0.5,0.0,0.5, 35.759, 50.9, 35.759, 51.0, -35.759 
0.5,0.0,1.0,0.5,0.0,1.0, 36.244, 98.1, 36.244, 98.1, 3.597 
0.5,0.0,1.0,0.5,0.5,0.0, 35.397, 72.3, 35.397, 66.0, 2.535 
0.5,0.0,1.0,0.5,0.5,0.5, 35.862, 58.9, 35.862, 49.9, 1.080 
0.5,0.0,1.0,0.5,0.5,1.0, 36.399, 136.9, 36.399, 108.8, 4.505 
0.5,0.0,1.0,0.5,1.0,0.0, 35.519, 78.2, 35.519, 60.1, 2.535 
0.5,0.0,1.0,0.5,1.0,0.5, 36.018, 73.3, 36.018, 50.9, 1.344 
0.5,0.0,1.0,0.5,1.0,1.0, 36.619, 164.7, 36.619, 110.2, 5.041 
0.5,0.0,1.0,1.0,0.0,0.0, 35.178, 62.9, 35.178, 76.7, 2.559 
0.5,0.0,1.0,1.0,0.0,0.5, 35.696, 58.5, 35.696, 58.3, 2.140 
0.5,0.0,1.0,1.0,0.0,1.0, 36.279, 91.0, 36.279, 107.6, 3.642 
0.5,0.0,1.0,1.0,0.5,0.0, 35.265, 74.4, 35.265, 74.9, 2.737 
0.5,0.0,1.0,1.0,0.5,0.5, 35.788, 70.0, 35.788, 61.5, 2.410 
0.5,0.0,1.0,1.0,0.5,1.0, 36.435, 99.8, 36.435, 94.9, 3.570 
0.5,0.0,1.0,1.0,1.0,0.0, 35.279, 91.6, 35.279, 75.0, 3.054 
0.5,0.0,1.0,1.0,1.0,0.5, 35.939, 80.4, 35.939, 58.3, 2.543 
0.5,0.0,1.0,1.0,1.0,1.0, 36.550, 139.7, 36.550, 112.1, 4.616 
0.5,0.5,0.0,0.0,0.0,0.0, 35.921, 82.0, 35.921, 84.4, 3.050 
0.5,0.5,0.0,0.0,0.0,0.5, 35.119, 87.8, 35.119, 82.1, 3.115 
0.5,0.5,0.0,0.0,0.0,1.0, 34.518, 78.5, 34.518, 77.0, 2.850 
0.5,0.5,0.0,0.0,0.5,0.0, 36.492, 98.6, 36.492, 84.1, 3.349 
0.5,0.5,0.0,0.0,0.5,0.5, 35.803, 111.9, 35.803, 84.3, 3.598 
0.5,0.5,0.0,0.0,0.5,1.0, 35.240, 94.1, 35.240, 72.3, 3.050 
0.5,0.5,0.0,0.0,1.0,0.0, 37.106, 120.7, 37.106, 97.3, 3.997 
0.5,0.5,0.0,0.0,1.0,0.5, 36.473, 136.1, 36.473, 86.3, 4.077 
0.5,0.5,0.0,0.0,1.0,1.0, 35.920, 114.1, 35.920, 79.7, 3.554 
0.5,0.5,0.0,0.5,0.0,0.0, 35.297, 73.9, 35.297, 100.5, 3.198 
0.5,0.5,0.0,0.5,0.0,0.5, 34.546, 82.5, 34.546, 97.2, 3.294 
0.5,0.5,0.0,0.5,0.0,1.0, 33.947, 76.3, 33.947, 93.4, 3.111 
0.5,0.5,0.0,0.5,0.5,0.0, 35.801, 91.6, 35.801, 100.8, 3.527 
0.5,0.5,0.0,0.5,0.5,0.5, 35.047, 106.3, 35.047, 101.0, 3.801 
0.5,0.5,0.0,0.5,0.5,1.0, 34.483, 92.5, 34.483, 90.1, 3.348 
0.5,0.5,0.0,0.5,1.0,0.0, 36.363, 115.2, 36.363, 104.4, 4.027 
0.5,0.5,0.0,0.5,1.0,0.5, 35.625, 130.1, 35.625, 103.8, 4.290 
0.5,0.5,0.0,0.5,1.0,1.0, 35.098, 111.1, 35.098, 90.0, 3.688 
0.5,0.5,0.0,1.0,0.0,0.0, 34.945, 69.1, 34.945, 117.6, 3.423 
0.5,0.5,0.0,1.0,0.0,0.5, 34.209, 79.5, 34.209, 112.9, 3.528 
0.5,0.5,0.0,1.0,0.0,1.0, 33.712, 75.1, 33.712, 110.0, 3.393 
0.5,0.5,0.0,1.0,0.5,0.0, 35.330, 87.2, 35.330, 116.5, 3.735 
0.5,0.5,0.0,1.0,0.5,0.5, 34.613, 102.2, 34.613, 117.3, 4.025 
0.5,0.5,0.0,1.0,0.5,1.0, 34.150, 95.7, 34.150, 112.6, 3.818 
0.5,0.5,0.0,1.0,1.0,0.0, 35.686, 105.8, 35.686, 116.8, 4.081 
0.5,0.5,0.0,1.0,1.0,0.5, 35.101, 125.1, 35.101, 120.5, 4.503 
0.5,0.5,0.0,1.0,1.0,1.0, 34.597, 113.1, 34.597, 111.5, 4.118 
0.5,0.5,0.5,0.0,0.0,0.0, 30.508, 51.1, 30.508, 54.3, -30.508 
0.5,0.5,0.5,0.0,0.0,0.5, 30.098, 49.7, 30.098, 47.1, -30.098 
0.5,0.5,0.5,0.0,0.0,1.0, 29.885, 45.6, 29.885, 44.0, -29.885 
0.5,0.5,0.5,0.0,0.5,0.0, 30.844, 60.7, 30.844, 52.3, 1.113 
0.5,0.5,0.5,0.0,0.5,0.5, 30.551, 65.8, 30.551, 50.7, 1.206 
0.5,0.5,0.5,0.0,0.5,1.0, 30.376, 59.0, 30.376, 46.1, 1.081 
0.5,0.5,0.5,0.0,1.0,0.0, 31.133, 75.4, 31.133, 66.0, 2.592 
0.5,0.5,0.5,0.0,1.0,0.5, 30.976, 82.5, 30.976, 57.4, 2.564 
0.5,0.5,0.5,0.0,1.0,1.0, 30.828, 75.5, 30.828, 61.7, 2.515 
0.5,0.5,0.5,0.5,0.0,0.0, 30.091, 48.1, 30.091, 64.7, 1.187 
0.5,0.5,0.5,0.5,0.0,0.5, 29.710, 46.4, 29.710, 56.5, 1.036 
0.5,0.5,0.5,0.5,0.0,1.0, 29.476, 46.2, 29.476, 55.6, 1.020 
0.5,0.5,0.5,0.5,0.5,0.0, 30.408, 59.6, 30.408, 65.0, 2.285 
0.5,0.5,0.5,0.5,0.5,0.5, 30.033, 59.6, 30.033, 57.9, 2.153 
0.5,0.5,0.5,0.5,0.5,1.0, 29.842, 59.1, 29.842, 56.8, 2.125 
0.5,0.5,0.5,0.5,1.0,0.0, 30.745, 80.0, 30.745, 66.6, 2.688 
0.5,0.5,0.5,0.5,1.0,0.5, 30.411, 75.0, 30.411, 61.6, 2.505 
0.5,0.5,0.5,0.5,1.0,1.0, 30.264, 74.9, 30.264, 57.1, 2.419 
0.5,0.5,0.5,1.0,0.0,0.0, 29.846, 55.5, 29.846, 75.1, 2.395 
0.5,0.5,0.5,1.0,0.0,0.5, 29.485, 53.1, 29.485, 66.8, 1.224 
0.5,0.5,0.5,1.0,0.0,1.0, 29.317, 55.1, 29.317, 65.9, 2.217 
0.5,0.5,0.5,1.0,0.5,0.0, 30.097, 62.3, 30.097, 75.7, 2.529 
0.5,0.5,0.5,1.0,0.5,0.5, 29.750, 58.5, 29.750, 67.7, 2.314 
0.5,0.5,0.5,1.0,0.5,1.0, 29.620, 56.8, 29.620, 65.3, 2.239 
0.5,0.5,0.5,1.0,1.0,0.0, 30.310, 87.4, 30.310, 75.8, 2.991 
0.5,0.5,0.5,1.0,1.0,0.5, 30.068, 78.2, 30.068, 68.4, 2.688 
0.5,0.5,0.5,1.0,1.0,1.0, 29.921, 81.7, 29.921, 66.4, 2.715 
0.5,0.5,1.0,0.0,0.0,0.0, 26.539, 38.5, 26.539, 40.6, -26.539 
0.5,0.5,1.0,0.0,0.0,0.5, 26.375, 38.0, 26.375, 36.1, -26.375 
0.5,0.5,1.0,0.0,0.0,1.0, 26.356, 73.3, 26.356, 70.8, 2.641 
0.5,0.5,1.0,0.0,0.5,0.0, 26.761, 47.9, 26.761, 40.9, -26.761 
0.5,0.5,1.0,0.0,0.5,0.5, 26.665, 47.6, 26.665, 37.4, -26.665 
0.5,0.5,1.0,0.0,0.5,1.0, 26.699, 89.7, 26.699, 67.9, 2.889 
0.5,0.5,1.0,0.0,1.0,0.0, 26.996, 58.7, 26.996, 53.3, 1.076 
0.5,0.5,1.0,0.0,1.0,0.5, 26.953, 58.9, 26.953, 45.7, 1.080 
0.5,0.5,1.0,0.0,1.0,1.0, 27.008, 102.7, 27.008, 64.4, 3.064 
0.5,0.5,1.0,0.5,0.0,0.0, 26.252, 46.1, 26.252, 50.0, -26.252 
0.5,0.5,1.0,0.5,0.0,0.5, 26.098, 44.0, 26.098, 44.4, -26.098 
0.5,0.5,1.0,0.5,0.0,1.0, 26.052, 64.7, 26.052, 77.6, 2.609 
0.5,0.5,1.0,0.5,0.5,0.0, 26.440, 53.9, 26.440, 48.7, -26.440 
0.5,0.5,1.0,0.5,0.5,0.5, 26.316, 55.8, 26.316, 44.8, 1.024 
0.5,0.5,1.0,0.5,0.5,1.0, 26.308, 85.8, 26.308, 82.2, 3.080 
0.5,0.5,1.0,0.5,1.0,0.0, 26.648, 64.8, 26.648, 50.3, 1.189 
0.5,0.5,1.0,0.5,1.0,0.5, 26.572, 63.3, 26.572, 46.0, 1.161 
0.5,0.5,1.0,0.5,1.0,1.0, 26.606, 101.4, 26.606, 81.1, 3.345 
0.5,0.5,1.0,1.0,0.0,0.0, 26.068, 49.2, 26.068, 59.2, 1.085 
0.5,0.5,1.0,1.0,0.0,0.5, 25.940, 47.1, 25.940, 52.1, -25.940 
0.5,0.5,1.0,1.0,0.0,1.0, 25.941, 77.4, 25.941, 110.0, 3.436 
0.5,0.5,1.0,1.0,0.5,0.0, 26.232, 63.2, 26.232, 56.9, 2.202 
0.5,0.5,1.0,1.0,0.5,0.5, 26.118, 59.4, 26.118, 52.2, 1.090 
0.5,0.5,1.0,1.0,0.5,1.0, 26.157, 81.2, 26.157, 93.1, 3.195 
0.5,0.5,1.0,1.0,1.0,0.0, 26.362, 70.9, 26.362, 57.3, 2.350 
0.5,0.5,1.0,1.0,1.0,0.5, 26.338, 67.0, 26.338, 53.6, 1.228 
0.5,0.5,1.0,1.0,1.0,1.0, 26.364, 92.2, 26.364, 88.9, 3.320 
0.5,1.0,0.0,0.0,0.0,0.0, 25.502, 73.3, 25.502, 88.5, 2.967 
0.5,1.0,0.0,0.0,0.0,0.5, 24.804, 69.7, 24.804, 74.6, 2.645 
0.5,1.0,0.0,0.0,0.0,1.0, 24.228, 55.7, 24.228, 61.8, 2.154 
0.5,1.0,0.0,0.0,0.5,0.0, 26.005, 92.2, 26.005, 88.5, 3.312 
0.5,1.0,0.0,0.0,0.5,0.5, 25.382, 95.4, 25.382, 82.1, 3.253 
0.5,1.0,0.0,0.0,0.5,1.0, 24.821, 68.8, 24.821, 60.3, 2.368 
0.5,1.0,0.0,0.0,1.0,0.0, 26.530, 113.0, 26.530, 90.4, 3.728 
0.5,1.0,0.0,0.0,1.0,0.5, 25.963, 112.6, 25.963, 81.4, 3.557 
0.5,1.0,0.0,0.0,1.0,1.0, 25.406, 86.1, 25.406, 62.4, 2.723 
0.5,1.0,0.0,0.5,0.0,0.0, 24.983, 65.0, 24.983, 102.9, 3.078 
0.5,1.0,0.0,0.5,0.0,0.5, 24.304, 70.2, 24.304, 93.9, 3.008 
0.5,1.0,0.0,0.5,0.0,1.0, 23.735, 55.0, 23.735, 75.7, 2.396 
0.5,1.0,0.0,0.5,0.5,0.0, 25.409, 82.0, 25.409, 103.4, 3.399 
0.5,1.0,0.0,0.5,0.5,0.5, 24.730, 84.8, 24.730, 92.6, 3.251 
0.5,1.0,0.0,0.5,0.5,1.0, 24.176, 71.8, 24.176, 79.7, 2.776 
0.5,1.0,0.0,0.5,1.0,0.0, 25.876, 99.7, 25.876, 104.3, 3.739 
0.5,1.0,0.0,0.5,1.0,0.5, 25.208, 103.4, 25.208, 94.2, 3.624 
0.5,1.0,0.0,0.5,1.0,1.0, 24.667, 85.1, 24.667, 78.5, 2.999 
0.5,1.0,0.0,1.0,0.0,0.0, 24.676, 58.8, 24.676, 114.4, 3.175 
0.5,1.0,0.0,1.0,0.0,0.5, 24.007, 63.1, 24.007, 104.3, 3.070 
0.5,1.0,0.0,1.0,0.0,1.0, 23.494, 54.5, 23.494, 90.7, 1.663 
0.5,1.0,0.0,1.0,0.5,0.0, 25.005, 73.6, 25.005, 114.4, 3.447 
0.5,1.0,0.0,1.0,0.5,0.5, 24.343, 86.1, 24.343, 112.8, 3.648 
0.5,1.0,0.0,1.0,0.5,1.0, 23.843, 69.9, 23.843, 93.3, 2.992 
0.5,1.0,0.0,1.0,1.0,0.0, 25.331, 90.0, 25.331, 117.4, 3.803 
0.5,1.0,0.0,1.0,1.0,0.5, 24.735, 99.4, 24.735, 110.3, 3.845 
0.5,1.0,0.0,1.0,1.0,1.0, 24.211, 85.0, 24.211, 94.6, 3.291 
0.5,1.0,0.5,0.0,0.0,0.0, 23.051, 46.0, 23.051, 52.5, -23.051 
0.5,1.0,0.5,0.0,0.0,0.5, 22.559, 41.8, 22.559, 45.5, -22.559 
0.5,1.0,0.5,0.0,0.0,1.0, 22.210, 39.7, 22.210, 43.0, -22.210 
0.5,1.0,0.5,0.0,0.5,0.0, 23.395, 57.6, 23.395, 52.9, 1.057 
0.5,1.0,0.5,0.0,0.5,0.5, 22.994, 54.6, 22.994, 47.3, 1.000 
0.5,1.0,0.5,0.0,0.5,1.0, 22.668, 48.3, 22.668, 41.4, -22.668 
0.5,1.0,0.5,0.0,1.0,0.0, 23.710, 68.4, 23.710, 53.6, 1.254 
0.5,1.0,0.5,0.0,1.0,0.5, 23.420, 65.9, 23.420, 48.2, 1.209 
0.5,1.0,0.5,0.0,1.0,1.0, 23.113, 60.3, 23.113, 42.7, 1.105 
0.5,1.0,0.5,0.5,0.0,0.0, 22.668, 41.4, 22.668, 62.5, 1.145 
0.5,1.0,0.5,0.5,0.0,0.5, 22.176, 39.6, 22.176, 54.7, 1.004 
0.5,1.0,0.5,0.5,0.0,1.0, 21.817, 37.7, 21.817, 51.2, -21.817 
0.5,1.0,0.5,0.5,0.5,0.0, 22.975, 52.8, 22.975, 64.1, 1.174 
0.5,1.0,0.5,0.5,0.5,0.5, 22.494, 49.8, 22.494, 55.6, 1.020 
0.5,1.0,0.5,0.5,0.5,1.0, 22.158, 48.9, 22.158, 53.0, -22.158 
0.5,1.0,0.5,0.5,1.0,0.0, 23.298, 63.3, 23.298, 65.0, 2.351 
0.5,1.0,0.5,0.5,1.0,0.5, 22.852, 61.7, 22.852, 57.0, 2.175 
0.5,1.0,0.5,0.5,1.0,1.0, 22.540, 58.0, 22.540, 52.6, 1.063 
0.5,1.0,0.5,1.0,0.0,0.0, 22.431, 37.1, 22.431, 72.0, 1.320 
0.5,1.0,0.5,1.0,0.0,0.5, 21.950, 38.0, 21.950, 64.1, 1.174 
0.5,1.0,0.5,1.0,0.0,1.0, 21.628, 38.9, 21.628, 62.9, 1.153 
0.5,1.0,0.5,1.0,0.5,0.0, 22.675, 47.2, 22.675, 72.9, 1.336 
0.5,1.0,0.5,1.0,0.5,0.5, 22.203, 48.2, 22.203, 65.5, 1.200 
0.5,1.0,0.5,1.0,0.5,1.0, 21.902, 46.9, 21.902, 61.2, 1.122 
0.5,1.0,0.5,1.0,1.0,0.0, 22.906, 58.3, 22.906, 74.3, 2.430 
0.5,1.0,0.5,1.0,1.0,0.5, 22.497, 58.1, 22.497, 65.7, 2.269 
0.5,1.0,0.5,1.0,1.0,1.0, 22.185, 56.7, 22.185, 62.0, 2.176 
0.5,1.0,1.0,0.0,0.0,0.0, 21.049, 32.2, 21.049, 39.0, -21.049 
0.5,1.0,1.0,0.0,0.0,0.5, 20.712, 31.4, 20.712, 35.8, -20.712 
0.5,1.0,1.0,0.0,0.0,1.0, 20.507, 59.6, 20.507, 64.1, 2.267 
0.5,1.0,1.0,0.0,0.5,0.0, 21.299, 41.5, 21.299, 39.5, -21.299 
0.5,1.0,1.0,0.0,0.5,0.5, 21.028, 40.2, 21.028, 35.4, -21.028 
0.5,1.0,1.0,0.0,0.5,1.0, 20.863, 77.8, 20.863, 66.1, 2.639 
0.5,1.0,1.0,0.0,1.0,0.0, 21.557, 51.4, 21.557, 41.0, -21.557 
0.5,1.0,1.0,0.0,1.0,0.5, 21.343, 51.0, 21.343, 37.7, -21.343 
0.5,1.0,1.0,0.0,1.0,1.0, 21.204, 81.9, 21.204, 57.6, 2.558 
0.5,1.0,1.0,0.5,0.0,0.0, 20.761, 32.3, 20.761, 47.0, -20.761 
0.5,1.0,1.0,0.5,0.0,0.5, 20.414, 30.2, 20.414, 44.0, -20.414 
0.5,1.0,1.0,0.5,0.0,1.0, 20.188, 57.0, 20.188, 76.7, 2.451 
0.5,1.0,1.0,0.5,0.5,0.0, 20.972, 38.6, 20.972, 47.3, -20.972 
0.5,1.0,1.0,0.5,0.5,0.5, 20.654, 37.8, 20.654, 43.6, -20.654 
0.5,1.0,1.0,0.5,0.5,1.0, 20.455, 68.2, 20.455, 73.4, 2.596 
0.5,1.0,1.0,0.5,1.0,0.0, 21.196, 47.2, 21.196, 48.7, -21.196 
0.5,1.0,1.0,0.5,1.0,0.5, 20.925, 46.0, 20.925, 43.9, -20.925 
0.5,1.0,1.0,0.5,1.0,1.0, 20.754, 81.8, 20.754, 73.6, 2.849 
0.5,1.0,1.0,1.0,0.0,0.0, 20.573, 34.2, 20.573, 55.0, 1.009 
0.5,1.0,1.0,1.0,0.0,0.5, 20.238, 32.4, 20.238, 50.5, -20.238 
0.5,1.0,1.0,1.0,0.0,1.0, 20.040, 52.1, 20.040, 83.4, 1.529 
0.5,1.0,1.0,1.0,0.5,0.0, 20.753, 41.3, 20.753, 54.9, 1.007 
0.5,1.0,1.0,1.0,0.5,0.5, 20.430, 36.6, 20.430, 50.7, -20.430 
0.5,1.0,1.0,1.0,0.5,1.0, 20.256, 61.8, 20.256, 79.6, 2.592 
0.5,1.0,1.0,1.0,1.0,0.0, 20.915, 48.0, 20.915, 56.8, 1.041 
0.5,1.0,1.0,1.0,1.0,0.5, 20.655, 46.0, 20.655, 52.7, -20.655 
0.5,1.0,1.0,1.0,1.0,1.0, 20.474, 78.1, 20.474, 84.4, 2.979 
1,0,0,0,0,0, 43.320, 51.2, 43.320, 45.2, -43.320 
1.0,0.0,0.0,0.0,0.0,0.5, 42.957, 50.6, 42.957, 44.1, -42.957 
1,0,0,0,0,1, 42.913, 60.8, 42.913, 53.7, 1.114 
1.0,0.0,0.0,0.0,0.5,0.0, 43.755, 65.2, 43.755, 46.9, 1.194 
1.0,0.0,0.0,0.0,0.5,0.5, 43.388, 61.1, 43.388, 42.2, 1.120 
1.0,0.0,0.0,0.0,0.5,1.0, 43.457, 71.3, 43.457, 47.8, 1.307 
1,0,0,0,1,0, 44.103, 74.1, 44.103, 98.4, 3.161 
1.0,0.0,0.0,0.0,1.0,0.5, 43.808, 76.8, 43.808, 84.7, 2.961 
1,0,0,0,1,1, 43.990, 116.6, 43.990, 88.2, 3.754 
1.0,0.0,0.0,0.5,0.0,0.0, 43.076, 49.8, 43.076, 57.6, 1.057 
1.0,0.0,0.0,0.5,0.0,0.5, 42.638, 44.5, 42.638, 45.5, -42.638 
1.0,0.0,0.0,0.5,0.0,1.0, 42.629, 55.0, 42.629, 57.8, 2.068 
1.0,0.0,0.0,0.5,0.5,0.0, 43.298, 60.8, 43.298, 53.8, 1.115 
1.0,0.0,0.0,0.5,0.5,0.5, 42.981, 57.6, 42.981, 46.3, 1.055 
1.0,0.0,0.0,0.5,0.5,1.0, 42.918, 65.3, 42.918, 53.2, 1.197 
1.0,0.0,0.0,0.5,1.0,0.0, 43.608, 71.6, 43.608, 53.1, 1.312 
1.0,0.0,0.0,0.5,1.0,0.5, 43.330, 71.0, 43.330, 50.5, 1.301 
1.0,0.0,0.0,0.5,1.0,1.0, 43.435, 77.2, 43.435, 51.4, 1.415 
1,0,0,1,0,0, 42.825, 58.3, 42.825, 60.4, 2.176 
1.0,0.0,0.0,1.0,0.0,0.5, 42.550, 51.4, 42.550, 56.0, 1.026 
1,0,0,1,0,1, 42.573, 56.5, 42.573, 62.5, 2.182 
1.0,0.0,0.0,1.0,0.5,0.0, 43.044, 67.2, 43.044, 60.0, 2.332 
1.0,0.0,0.0,1.0,0.5,0.5, 42.751, 59.9, 42.751, 62.0, 2.235 
1.0,0.0,0.0,1.0,0.5,1.0, 42.923, 62.7, 42.923, 60.4, 2.256 
1,0,0,1,1,0, 43.206, 78.6, 43.206, 59.5, 2.531 
1.0,0.0,0.0,1.0,1.0,0.5, 43.021, 71.1, 43.021, 55.2, 2.315 
1,0,0,1,1,1, 43.263, 73.7, 43.263, 56.4, 2.386 
1.0,0.0,0.5,0.0,0.0,0.0, 31.423, 35.3, 31.423, 31.1, -31.423 
1.0,0.0,0.5,0.0,0.0,0.5, 31.463, 31.7, 31.463, 25.2, -31.463 
1.0,0.0,0.5,0.0,0.0,1.0, 31.780, 45.5, 31.780, 37.2, -31.780 
1.0,0.0,0.5,0.0,0.5,0.0, 31.564, 42.9, 31.564, 31.6, -31.564 
1.0,0.0,0.5,0.0,0.5,0.5, 31.614, 41.2, 31.614, 26.6, -31.614 
1.0,0.0,0.5,0.0,0.5,1.0, 32.036, 52.5, 32.036, 33.2, -32.036 
1.0,0.0,0.5,0.0,1.0,0.0, 31.745, 51.0, 31.745, 40.9, -31.745 
1.0,0.0,0.5,0.0,1.0,0.5, 31.757, 50.7, 31.757, 36.3, -31.757 
1.0,0.0,0.5,0.0,1.0,1.0, 32.283, 81.8, 32.283, 47.4, 1.500 
1.0,0.0,0.5,0.5,0.0,0.0, 31.229, 39.6, 31.229, 43.7, -31.229 
1.0,0.0,0.5,0.5,0.0,0.5, 31.316, 33.4, 31.316, 32.0, -31.316 
1.0,0.0,0.5,0.5,0.0,1.0, 31.619, 40.1, 31.619, 39.4, -31.619 
1.0,0.0,0.5,0.5,0.5,0.0, 31.293, 42.3, 31.293, 38.7, -31.293 
1.0,0.0,0.5,0.5,0.5,0.5, 31.458, 39.2, 31.458, 31.2, -31.458 
1.0,0.0,0.5,0.5,0.5,1.0, 31.745, 47.4, 31.745, 36.8, -31.745 
1.0,0.0,0.5,0.5,1.0,0.0, 31.427, 52.0, 31.427, 40.4, -31.427 
1.0,0.0,0.5,0.5,1.0,0.5, 31.609, 50.6, 31.609, 30.9, -31.609 
1.0,0.0,0.5,0.5,1.0,1.0, 31.993, 56.3, 31.993, 36.4, 1.033 
1.0,0.0,0.5,1.0,0.0,0.0, 31.076, 43.1, 31.076, 47.7, -31.076 
1.0,0.0,0.5,1.0,0.0,0.5, 31.281, 39.9, 31.281, 36.2, -31.281 
1.0,0.0,0.5,1.0,0.0,1.0, 31.593, 40.9, 31.593, 43.6, -31.593 
1.0,0.0,0.5,1.0,0.5,0.0, 31.168, 50.7, 31.168, 48.1, -31.168 
1.0,0.0,0.5,1.0,0.5,0.5, 31.359, 47.1, 31.359, 38.6, -31.359 
1.0,0.0,0.5,1.0,0.5,1.0, 31.759, 45.8, 31.759, 43.0, -31.759 
1.0,0.0,0.5,1.0,1.0,0.0, 31.234, 60.9, 31.234, 47.2, 1.116 
1.0,0.0,0.5,1.0,1.0,0.5, 31.463, 57.7, 31.463, 35.8, 1.058 
1.0,0.0,0.5,1.0,1.0,1.0, 31.914, 55.2, 31.914, 39.7, 1.012 
1,0,1,0,0,0, 24.683, 30.8, 24.683, 26.1, -24.683 
1.0,0.0,1.0,0.0,0.0,0.5, 24.872, 24.6, 24.872, 19.9, -24.872 
1,0,1,0,0,1, 25.067, 34.9, 25.067, 26.0, -25.067 
1.0,0.0,1.0,0.0,0.5,0.0, 24.757, 35.6, 24.757, 25.6, -24.757 
1.0,0.0,1.0,0.0,0.5,0.5, 24.907, 31.7, 24.907, 20.4, -24.907 
1.0,0.0,1.0,0.0,0.5,1.0, 25.191, 39.0, 25.191, 23.3, -25.191 
1,0,1,0,1,0, 24.876, 44.4, 24.876, 43.7, -24.876 
1.0,0.0,1.0,0.0,1.0,0.5, 24.950, 37.9, 24.950, 21.6, -24.950 
1,0,1,0,1,1, 25.317, 46.7, 25.317, 25.9, -25.317 
1.0,0.0,1.0,0.5,0.0,0.0, 24.518, 33.6, 24.518, 35.9, -24.518 
1.0,0.0,1.0,0.5,0.0,0.5, 24.778, 31.5, 24.778, 27.0, -24.778 
1.0,0.0,1.0,0.5,0.0,1.0, 24.975, 35.4, 24.975, 32.4, -24.975 
1.0,0.0,1.0,0.5,0.5,0.0, 24.542, 38.0, 24.542, 33.4, -24.542 
1.0,0.0,1.0,0.5,0.5,0.5, 24.834, 33.2, 24.834, 24.6, -24.834 
1.0,0.0,1.0,0.5,0.5,1.0, 25.032, 42.9, 25.032, 31.9, -25.032 
1.0,0.0,1.0,0.5,1.0,0.0, 24.618, 41.2, 24.618, 31.1, -24.618 
1.0,0.0,1.0,0.5,1.0,0.5, 24.869, 39.5, 24.869, 24.7, -24.869 
1.0,0.0,1.0,0.5,1.0,1.0, 25.160, 49.6, 25.160, 31.1, -25.160 
1,0,1,1,0,0, 24.421, 40.7, 24.421, 39.7, -24.421 
1.0,0.0,1.0,1.0,0.0,0.5, 24.770, 39.4, 24.770, 30.6, -24.770 
1,0,1,1,0,1, 24.968, 35.5, 24.968, 38.6, -24.968 
1.0,0.0,1.0,1.0,0.5,0.0, 24.457, 50.1, 24.457, 39.7, -24.457 
1.0,0.0,1.0,1.0,0.5,0.5, 24.798, 46.2, 24.798, 32.7, -24.798 
1.0,0.0,1.0,1.0,0.5,1.0, 25.059, 44.0, 25.059, 39.0, -25.059 
1,0,1,1,1,0, 24.473, 55.5, 24.473, 38.6, 1.018 
1.0,0.0,1.0,1.0,1.0,0.5, 24.837, 52.8, 24.837, 32.3, -24.837 
1,0,1,1,1,1, 25.135, 51.7, 25.135, 38.7, -25.135 
1.0,0.5,0.0,0.0,0.0,0.0, 28.051, 40.0, 28.051, 40.6, -28.051 
1.0,0.5,0.0,0.0,0.0,0.5, 27.435, 40.6, 27.435, 37.5, -27.435 
1.0,0.5,0.0,0.0,0.0,1.0, 26.987, 35.7, 26.987, 36.1, -26.987 
1.0,0.5,0.0,0.0,0.5,0.0, 28.493, 47.5, 28.493, 40.2, -28.493 
1.0,0.5,0.0,0.0,0.5,0.5, 27.922, 48.9, 27.922, 36.4, -27.922 
1.0,0.5,0.0,0.0,0.5,1.0, 27.523, 42.9, 27.523, 33.3, -27.523 
1.0,0.5,0.0,0.0,1.0,0.0, 28.898, 54.7, 28.898, 48.5, 1.003 
1.0,0.5,0.0,0.0,1.0,0.5, 28.415, 59.6, 28.415, 38.5, 1.092 
1.0,0.5,0.0,0.0,1.0,1.0, 28.071, 53.0, 28.071, 47.8, -28.071 
1.0,0.5,0.0,0.5,0.0,0.0, 27.695, 40.5, 27.695, 50.2, -27.695 
1.0,0.5,0.0,0.5,0.0,0.5, 27.011, 35.9, 27.011, 40.5, -27.011 
1.0,0.5,0.0,0.5,0.0,1.0, 26.575, 32.6, 26.575, 39.8, -26.575 
1.0,0.5,0.0,0.5,0.5,0.0, 28.002, 48.2, 28.002, 48.3, -28.002 
1.0,0.5,0.0,0.5,0.5,0.5, 27.386, 45.4, 27.386, 42.7, -27.386 
1.0,0.5,0.0,0.5,0.5,1.0, 26.930, 42.0, 26.930, 40.6, -26.930 
1.0,0.5,0.0,0.5,1.0,0.0, 28.352, 56.1, 28.352, 47.1, 1.028 
1.0,0.5,0.0,0.5,1.0,0.5, 27.780, 56.0, 27.780, 44.2, 1.027 
1.0,0.5,0.0,0.5,1.0,1.0, 27.391, 49.2, 27.391, 40.1, -27.391 
1.0,0.5,0.0,1.0,0.0,0.0, 27.418, 33.4, 27.418, 54.0, -27.418 
1.0,0.5,0.0,1.0,0.0,0.5, 26.794, 34.3, 26.794, 47.9, -26.794 
1.0,0.5,0.0,1.0,0.0,1.0, 26.372, 34.7, 26.372, 50.1, -26.372 
1.0,0.5,0.0,1.0,0.5,0.0, 27.684, 41.4, 27.684, 54.0, -27.684 
1.0,0.5,0.0,1.0,0.5,0.5, 27.059, 43.2, 27.059, 49.0, -27.059 
1.0,0.5,0.0,1.0,0.5,1.0, 26.694, 41.6, 26.694, 48.3, -26.694 
1.0,0.5,0.0,1.0,1.0,0.0, 27.940, 49.0, 27.940, 53.4, -27.940 
1.0,0.5,0.0,1.0,1.0,0.5, 27.367, 53.0, 27.367, 50.6, -27.367 
1.0,0.5,0.0,1.0,1.0,1.0, 27.031, 49.1, 27.031, 47.6, -27.031 
1.0,0.5,0.5,0.0,0.0,0.0, 23.119, 24.9, 23.119, 25.8, -23.119 
1.0,0.5,0.5,0.0,0.0,0.5, 22.782, 23.5, 22.782, 22.1, -22.782 
1.0,0.5,0.5,0.0,0.0,1.0, 22.669, 32.5, 22.669, 31.8, -22.669 
1.0,0.5,0.5,0.0,0.5,0.0, 23.344, 30.0, 23.344, 25.1, -23.344 
1.0,0.5,0.5,0.0,0.5,0.5, 23.042, 31.5, 23.042, 24.1, -23.042 
1.0,0.5,0.5,0.0,0.5,1.0, 23.007, 37.9, 23.007, 28.7, -23.007 
1.0,0.5,0.5,0.0,1.0,0.0, 23.590, 35.8, 23.590, 35.3, -23.590 
1.0,0.5,0.5,0.0,1.0,0.5, 23.294, 37.5, 23.294, 28.1, -23.294 
1.0,0.5,0.5,0.0,1.0,1.0, 23.348, 42.8, 23.348, 27.0, -23.348 
1.0,0.5,0.5,0.5,0.0,0.0, 22.866, 26.4, 22.866, 31.6, -22.866 
1.0,0.5,0.5,0.5,0.0,0.5, 22.529, 25.3, 22.529, 26.4, -22.529 
1.0,0.5,0.5,0.5,0.0,1.0, 22.392, 29.4, 22.392, 35.0, -22.392 
1.0,0.5,0.5,0.5,0.5,0.0, 23.023, 30.6, 23.023, 30.4, -23.023 
1.0,0.5,0.5,0.5,0.5,0.5, 22.750, 30.7, 22.750, 26.7, -22.750 
1.0,0.5,0.5,0.5,0.5,1.0, 22.613, 32.4, 22.613, 30.5, -22.613 
1.0,0.5,0.5,0.5,1.0,0.0, 23.219, 37.0, 23.219, 30.0, -23.219 
1.0,0.5,0.5,0.5,1.0,0.5, 22.984, 36.1, 22.984, 28.3, -22.984 
1.0,0.5,0.5,0.5,1.0,1.0, 22.905, 38.8, 22.905, 30.3, -22.905 
1.0,0.5,0.5,1.0,0.0,0.0, 22.684, 29.1, 22.684, 35.9, -22.684 
1.0,0.5,0.5,1.0,0.0,0.5, 22.398, 27.9, 22.398, 30.8, -22.398 
1.0,0.5,0.5,1.0,0.0,1.0, 22.260, 28.2, 22.260, 39.2, -22.260 
1.0,0.5,0.5,1.0,0.5,0.0, 22.836, 36.8, 22.836, 36.7, -22.836 
1.0,0.5,0.5,1.0,0.5,0.5, 22.554, 33.1, 22.554, 31.4, -22.554 
1.0,0.5,0.5,1.0,0.5,1.0, 22.465, 36.0, 22.465, 40.5, -22.465 
1.0,0.5,0.5,1.0,1.0,0.0, 22.979, 42.2, 22.979, 35.1, -22.979 
1.0,0.5,0.5,1.0,1.0,0.5, 22.733, 39.8, 22.733, 31.3, -22.733 
1.0,0.5,0.5,1.0,1.0,1.0, 22.676, 38.5, 22.676, 36.3, -22.676 
1.0,0.5,1.0,0.0,0.0,0.0, 19.689, 21.9, 19.689, 20.1, -19.689 
1.0,0.5,1.0,0.0,0.0,0.5, 19.510, 19.0, 19.510, 17.2, -19.510 
1.0,0.5,1.0,0.0,0.0,1.0, 19.412, 27.9, 19.412, 25.1, -19.412 
1.0,0.5,1.0,0.0,0.5,0.0, 19.828, 25.3, 19.828, 21.4, -19.828 
1.0,0.5,1.0,0.0,0.5,0.5, 19.640, 23.7, 19.640, 17.7, -19.640 
1.0,0.5,1.0,0.0,0.5,1.0, 19.624, 33.3, 19.624, 24.1, -19.624 
1.0,0.5,1.0,0.0,1.0,0.0, 19.995, 30.8, 19.995, 29.7, -19.995 
1.0,0.5,1.0,0.0,1.0,0.5, 19.773, 28.4, 19.773, 22.4, -19.773 
1.0,0.5,1.0,0.0,1.0,1.0, 19.840, 38.0, 19.840, 24.1, -19.840 
1.0,0.5,1.0,0.5,0.0,0.0, 19.490, 24.5, 19.490, 28.9, -19.490 
1.0,0.5,1.0,0.5,0.0,0.5, 19.346, 24.0, 19.346, 20.9, -19.346 
1.0,0.5,1.0,0.5,0.0,1.0, 19.226, 28.0, 19.226, 31.4, -19.226 
1.0,0.5,1.0,0.5,0.5,0.0, 19.580, 29.5, 19.580, 25.4, -19.580 
1.0,0.5,1.0,0.5,0.5,0.5, 19.472, 28.4, 19.472, 20.6, -19.472 
1.0,0.5,1.0,0.5,0.5,1.0, 19.366, 33.3, 19.366, 30.1, -19.366 
1.0,0.5,1.0,0.5,1.0,0.0, 19.704, 33.9, 19.704, 25.8, -19.704 
1.0,0.5,1.0,0.5,1.0,0.5, 19.586, 31.8, 19.586, 21.5, -19.586 
1.0,0.5,1.0,0.5,1.0,1.0, 19.554, 40.9, 19.554, 31.1, -19.554 
1.0,0.5,1.0,1.0,0.0,0.0, 19.367, 27.9, 19.367, 34.2, -19.367 
1.0,0.5,1.0,1.0,0.0,0.5, 19.269, 26.9, 19.269, 23.9, -19.269 
1.0,0.5,1.0,1.0,0.0,1.0, 19.142, 28.8, 19.142, 38.4, -19.142 
1.0,0.5,1.0,1.0,0.5,0.0, 19.452, 33.7, 19.452, 32.0, -19.452 
1.0,0.5,1.0,1.0,0.5,0.5, 19.361, 32.3, 19.361, 24.6, -19.361 
1.0,0.5,1.0,1.0,0.5,1.0, 19.278, 34.4, 19.278, 37.2, -19.278 
1.0,0.5,1.0,1.0,1.0,0.0, 19.527, 37.6, 19.527, 31.8, -19.527 
1.0,0.5,1.0,1.0,1.0,0.5, 19.465, 37.2, 19.465, 24.2, -19.465 
1.0,0.5,1.0,1.0,1.0,1.0, 19.413, 40.0, 19.413, 36.5, -19.413 
1,1,0,0,0,0, 20.542, 38.5, 20.542, 44.2, -20.542 
1.0,1.0,0.0,0.0,0.0,0.5, 19.956, 32.0, 19.956, 33.7, -19.956 
1,1,0,0,0,1, 19.480, 29.7, 19.480, 31.3, -19.480 
1.0,1.0,0.0,0.0,0.5,0.0, 20.929, 48.7, 20.929, 44.5, -20.929 
1.0,1.0,0.0,0.0,0.5,0.5, 20.392, 41.6, 20.392, 35.1, -20.392 
1.0,1.0,0.0,0.0,0.5,1.0, 19.940, 37.4, 19.940, 31.7, -19.940 
1,1,0,0,1,0, 21.297, 58.8, 21.297, 44.8, 1.078 
1.0,1.0,0.0,0.0,1.0,0.5, 20.837, 53.3, 20.837, 37.1, -20.837 
1,1,0,0,1,1, 20.416, 45.2, 20.416, 32.2, -20.416 
1.0,1.0,0.0,0.5,0.0,0.0, 20.207, 31.1, 20.207, 47.1, -20.207 
1.0,1.0,0.0,0.5,0.0,0.5, 19.567, 31.1, 19.567, 41.7, -19.567 
1.0,1.0,0.0,0.5,0.0,1.0, 19.100, 28.4, 19.100, 39.0, -19.100 
1.0,1.0,0.0,0.5,0.5,0.0, 20.495, 40.0, 20.495, 48.3, -20.495 
1.0,1.0,0.0,0.5,0.5,0.5, 19.898, 38.3, 19.898, 41.3, -19.898 
1.0,1.0,0.0,0.5,0.5,1.0, 19.419, 33.7, 19.419, 36.6, -19.419 
1.0,1.0,0.0,0.5,1.0,0.0, 20.809, 48.3, 20.809, 48.4, -20.809 
1.0,1.0,0.0,0.5,1.0,0.5, 20.250, 47.3, 20.250, 42.6, -20.250 
1.0,1.0,0.0,0.5,1.0,1.0, 19.803, 42.4, 19.803, 38.6, -19.803 
1,1,0,1,0,0, 19.962, 30.2, 19.962, 56.4, 1.035 
1.0,1.0,0.0,1.0,0.0,0.5, 19.353, 36.8, 19.353, 58.9, 1.080 
1,1,0,1,0,1, 18.896, 26.7, 18.896, 43.7, -18.896 
1.0,1.0,0.0,1.0,0.5,0.0, 20.204, 38.8, 20.204, 58.0, 1.063 
1.0,1.0,0.0,1.0,0.5,0.5, 19.595, 39.2, 19.595, 50.4, -19.595 
1.0,1.0,0.0,1.0,0.5,1.0, 19.165, 34.5, 19.165, 45.2, -19.165 
1,1,0,1,1,0, 20.449, 46.3, 20.449, 57.6, 1.055 
1.0,1.0,0.0,1.0,1.0,0.5, 19.869, 47.3, 19.869, 50.8, -19.869 
1,1,0,1,1,1, 19.453, 40.2, 19.453, 44.0, -19.453 
1.0,1.0,0.5,0.0,0.0,0.0, 18.149, 22.6, 18.149, 24.9, -18.149 
1.0,1.0,0.5,0.0,0.0,0.5, 17.720, 20.8, 17.720, 21.4, -17.720 
1.0,1.0,0.5,0.0,0.0,1.0, 17.469, 27.2, 17.469, 29.5, -17.469 
1.0,1.0,0.5,0.0,0.5,0.0, 18.387, 28.1, 18.387, 24.9, -18.387 
1.0,1.0,0.5,0.0,0.5,0.5, 17.994, 26.7, 17.994, 22.9, -17.994 
1.0,1.0,0.5,0.0,0.5,1.0, 17.803, 32.5, 17.803, 27.5, -17.803 
1.0,1.0,0.5,0.0,1.0,0.0, 18.637, 33.2, 18.637, 25.5, -18.637 
1.0,1.0,0.5,0.0,1.0,0.5, 18.264, 32.8, 18.264, 23.7, -18.264 
1.0,1.0,0.5,0.0,1.0,1.0, 18.145, 36.5, 18.145, 25.5, -18.145 
1.0,1.0,0.5,0.5,0.0,0.0, 17.898, 20.5, 17.898, 29.8, -17.898 
1.0,1.0,0.5,0.5,0.0,0.5, 17.454, 19.9, 17.454, 25.9, -17.454 
1.0,1.0,0.5,0.5,0.0,1.0, 17.182, 23.7, 17.182, 31.6, -17.182 
1.0,1.0,0.5,0.5,0.5,0.0, 18.074, 26.1, 18.074, 30.5, -18.074 
1.0,1.0,0.5,0.5,0.5,0.5, 17.682, 25.2, 17.682, 26.7, -17.682 
1.0,1.0,0.5,0.5,0.5,1.0, 17.413, 32.0, 17.413, 34.2, -17.413 
1.0,1.0,0.5,0.5,1.0,0.0, 18.277, 31.1, 18.277, 30.3, -18.277 
1.0,1.0,0.5,0.5,1.0,0.5, 17.924, 30.0, 17.924, 27.0, -17.924 
1.0,1.0,0.5,0.5,1.0,1.0, 17.692, 33.6, 17.692, 29.9, -17.692 
1.0,1.0,0.5,1.0,0.0,0.0, 17.721, 21.0, 17.721, 33.4, -17.721 
1.0,1.0,0.5,1.0,0.0,0.5, 17.304, 19.8, 17.304, 30.3, -17.304 
1.0,1.0,0.5,1.0,0.0,1.0, 17.030, 23.0, 17.030, 36.3, -17.030 
1.0,1.0,0.5,1.0,0.5,0.0, 17.882, 26.0, 17.882, 33.6, -17.882 
1.0,1.0,0.5,1.0,0.5,0.5, 17.471, 23.7, 17.471, 30.4, -17.471 
1.0,1.0,0.5,1.0,0.5,1.0, 17.227, 28.3, 17.227, 36.0, -17.227 
1.0,1.0,0.5,1.0,1.0,0.0, 18.040, 29.9, 18.040, 34.5, -18.040 
1.0,1.0,0.5,1.0,1.0,0.5, 17.660, 29.2, 17.660, 31.3, -17.660 
1.0,1.0,0.5,1.0,1.0,1.0, 17.436, 35.0, 17.436, 37.3, -17.436 
1,1,1,0,0,0, 16.280, 16.5, 16.280, 18.3, -16.280 
1.0,1.0,1.0,0.0,0.0,0.5, 15.953, 16.0, 15.953, 16.4, -15.953 
1,1,1,0,0,1, 15.737, 23.1, 15.737, 23.5, -15.737 
1.0,1.0,1.0,0.0,0.5,0.0, 16.442, 20.0, 16.442, 18.9, -16.442 
1.0,1.0,1.0,0.0,0.5,0.5, 16.118, 20.6, 16.118, 18.1, -16.118 
1.0,1.0,1.0,0.0,0.5,1.0, 15.974, 29.1, 15.974, 23.7, -15.974 
1,1,1,0,1,0, 16.627, 24.4, 16.627, 22.8, -16.627 
1.0,1.0,1.0,0.0,1.0,0.5, 16.284, 25.3, 16.284, 19.1, -16.284 
1,1,1,0,1,1, 16.217, 31.6, 16.217, 21.6, -16.217 
1.0,1.0,1.0,0.5,0.0,0.0, 16.076, 18.2, 16.076, 25.3, -16.076 
1.0,1.0,1.0,0.5,0.0,0.5, 15.768, 17.2, 15.768, 19.7, -15.768 
1.0,1.0,1.0,0.5,0.0,1.0, 15.524, 23.7, 15.524, 30.0, -15.524 
1.0,1.0,1.0,0.5,0.5,0.0, 16.191, 21.0, 16.191, 22.1, -16.191 
1.0,1.0,1.0,0.5,0.5,0.5, 15.917, 20.6, 15.917, 19.9, -15.917 
1.0,1.0,1.0,0.5,0.5,1.0, 15.690, 28.5, 15.690, 29.1, -15.690 
1.0,1.0,1.0,0.5,1.0,0.0, 16.331, 25.0, 16.331, 22.9, -16.331 
1.0,1.0,1.0,0.5,1.0,0.5, 16.060, 24.7, 16.060, 20.8, -16.060 
1.0,1.0,1.0,0.5,1.0,1.0, 15.892, 34.5, 15.892, 29.5, -15.892 
1,1,1,1,0,0, 15.948, 19.4, 15.948, 27.8, -15.948 
1.0,1.0,1.0,1.0,0.0,0.5, 15.666, 18.6, 15.666, 23.3, -15.666 
1,1,1,1,0,1, 15.414, 17.3, 15.414, 26.2, -15.414 
1.0,1.0,1.0,1.0,0.5,0.0, 16.051, 23.4, 16.051, 27.4, -16.051 
1.0,1.0,1.0,1.0,0.5,0.5, 15.781, 21.9, 15.781, 23.3, -15.781 
1.0,1.0,1.0,1.0,0.5,1.0, 15.561, 19.5, 15.561, 23.7, -15.561 
1,1,1,1,1,0, 16.149, 26.4, 16.149, 27.3, -16.149 
1.0,1.0,1.0,1.0,1.0,0.5, 15.907, 25.0, 15.907, 23.4, -15.907  
1,1,1,1,1,1, 15.711, 24.3, 15.711, 24.8, -15.711 