1, 1.989, 59.461, 108.5, 0.141, 0.178
2, 3.841, 59.461, 101.0, 0.794, 1.214
1, 1.814, 58.814, 98.9, 0.116, 0.144
2, 3.278, 58.814, 79.8, 0.630, 0.953
1, 2.243, 58.646, 122.4, 0.137, 0.173
2, 4.160, 58.646, 104.5, 0.684, 0.954
1, 2.398, 59.933, 130.8, 0.192, 0.288
2, 4.175, 59.933, 96.9, 0.874, 1.281
1, 2.623, 59.487, 143.1, 0.158, 0.233
2, 4.336, 59.487, 93.4, 0.705, 1.024
1, 2.939, 59.430, 160.3, 0.183, 0.273
2, 4.865, 59.430, 105.0, 0.743, 1.001
1, 2.862, 60.528, 156.1, 0.255, 0.438
2, 5.878, 60.528, 164.5, 0.969, 1.373
1, 3.170, 60.080, 172.9, 0.212, 0.354
2, 6.378, 60.080, 175.0, 0.787, 1.108
1, 3.328, 60.033, 181.5, 0.240, 0.407
2, 5.853, 60.033, 137.7, 0.814, 1.067
1, 1.841, 58.815, 100.4, 0.187, 0.194
2, 3.915, 58.815, 113.1, 1.278, 1.669
1, 1.945, 58.355, 106.1, 0.155, 0.159
2, 3.905, 58.355, 106.9, 1.017, 1.322
1, 2.179, 58.178, 118.9, 0.175, 0.180
2, 4.447, 58.178, 123.7, 1.072, 1.340
1, 2.245, 59.313, 122.5, 0.246, 0.307
2, 4.299, 59.313, 112.0, 1.384, 1.763
1, 2.217, 58.829, 120.9, 0.205, 0.252
2, 4.027, 58.829, 98.7, 1.109, 1.406
1, 2.534, 58.746, 138.2, 0.228, 0.281
2, 4.598, 58.746, 112.6, 1.149, 1.402
1, 2.685, 59.914, 146.4, 0.316, 0.456
2, 4.734, 59.914, 111.8, 1.502, 1.878
1, 3.074, 59.447, 167.6, 0.265, 0.375
2, 5.185, 59.447, 115.2, 1.210, 1.507
1, 3.068, 59.486, 167.4, 0.291, 0.413
2, 5.134, 59.486, 112.7, 1.242, 1.487
1, 1.887, 58.524, 103.0, 0.241, 0.211
2, 4.314, 58.524, 132.4, 1.926, 2.311
1, 1.898, 58.109, 103.5, 0.201, 0.175
2, 4.179, 58.109, 124.4, 1.543, 1.847
1, 2.084, 58.210, 113.7, 0.221, 0.192
2, 4.651, 58.210, 140.0, 1.600, 1.873
1, 2.534, 58.886, 138.2, 0.312, 0.331
2, 4.861, 58.886, 126.9, 2.053, 2.424
1, 2.376, 58.522, 129.6, 0.261, 0.274
2, 4.699, 58.522, 126.7, 1.660, 1.954
1, 2.391, 58.731, 130.4, 0.284, 0.297
2, 4.450, 58.731, 112.3, 1.696, 1.959
1, 2.938, 59.105, 160.2, 0.393, 0.485
2, 5.241, 59.105, 125.6, 2.193, 2.558
1, 2.618, 59.104, 142.8, 0.330, 0.402
2, 4.776, 59.104, 117.7, 1.777, 2.069
1, 2.860, 59.203, 156.0, 0.356, 0.433
2, 5.188, 59.203, 127.0, 1.809, 2.062
1, 1.298, 44.450, 70.8, 0.099, 0.125
2, 2.447, 44.450, 62.7, 0.524, 0.754
1, 1.206, 44.539, 65.8, 0.086, 0.108
2, 1.206, 44.539, 53.5, 0.437, 0.609
1, 1.728, 44.921, 94.3, 0.094, 0.119
2, 3.132, 44.921, 76.6, 0.446, 0.588
1, 1.505, 44.634, 82.1, 0.135, 0.202
2, 2.593, 44.634, 59.4, 0.578, 0.799
1, 1.547, 44.870, 84.4, 0.118, 0.173
2, 2.564, 44.870, 55.4, 0.483, 0.648
1, 2.013, 45.315, 109.8, 0.126, 0.188
2, 3.284, 45.315, 69.3, 0.484, 0.616
1, 1.839, 44.732, 100.3, 0.179, 0.306
2, 4.064, 44.732, 121.4, 0.644, 0.860
1, 1.977, 45.124, 107.9, 0.157, 0.262
2, 3.441, 45.124, 79.8, 0.533, 0.695
1, 2.374, 45.598, 129.5, 0.166, 0.280
2, 4.154, 45.598, 97.1, 0.527, 0.654
1, 1.298, 44.086, 70.8, 0.132, 0.138
2, 2.781, 44.086, 80.9, 0.861, 1.069
1, 1.115, 44.300, 60.8, 0.116, 0.120
2, 2.245, 44.300, 61.6, 0.719, 0.879
1, 1.435, 44.653, 78.3, 0.122, 0.127
2, 2.863, 44.653, 77.9, 0.717, 0.856
1, 1.541, 44.312, 84.1, 0.174, 0.217
2, 2.968, 44.312, 77.8, 0.930, 1.129
1, 1.453, 44.506, 79.3, 0.153, 0.189
2, 2.650, 44.506, 65.3, 0.778, 0.931
1, 1.678, 44.937, 91.6, 0.159, 0.197
2, 3.002, 44.937, 72.2, 0.767, 0.897
1, 1.740, 44.571, 94.9, 0.224, 0.323
2, 3.069, 44.571, 72.5, 1.002, 1.198
1, 1.829, 44.800, 99.8, 0.198, 0.280
2, 3.099, 44.800, 69.2, 0.842, 0.992
1, 2.097, 45.320, 114.4, 0.204, 0.289
2, 3.471, 45.320, 75.0, 0.825, 0.950
1, 1.329, 43.912, 72.5, 0.172, 0.152
2, 2.960, 43.912, 88.9, 1.318, 1.518
1, 1.212, 44.187, 66.1, 0.151, 0.133
2, 2.515, 44.187, 71.1, 1.106, 1.265
1, 1.330, 44.690, 72.6, 0.155, 0.137
2, 2.909, 44.690, 86.1, 1.083, 1.228
1, 1.617, 44.086, 88.2, 0.223, 0.237
2, 3.423, 44.086, 98.5, 1.402, 1.595
1, 1.371, 44.375, 74.8, 0.197, 0.208
2, 2.724, 44.375, 73.8, 1.183, 1.335
1, 1.640, 44.961, 89.5, 0.200, 0.211
2, 3.209, 44.961, 85.6, 1.148, 1.286
1, 1.858, 44.154, 101.3, 0.280, 0.347
2, 3.614, 44.154, 95.8, 1.494, 1.683
1, 1.704, 44.647, 92.9, 0.249, 0.304
2, 3.125, 44.647, 77.5, 1.260, 1.410
1, 1.890, 45.187, 103.1, 0.250, 0.306
2, 3.392, 45.187, 81.9, 1.220, 1.353
1, 1.120, 35.533, 61.1, 0.079, 0.100
2, 1.120, 35.533, 53.9, 0.400, 0.552
1, -35.910, 35.910, 50.1, 0.071, 0.089
2, -35.910, 35.910, 40.5, 0.340, 0.450
1, 2.294, 36.419, 125.1, 0.073, 0.092
2, 4.139, 36.419, 100.6, 0.329, 0.414
1, 1.201, 35.634, 65.5, 0.108, 0.161
2, 1.201, 35.634, 47.9, 0.443, 0.586
1, 1.178, 36.061, 64.3, 0.097, 0.143
2, 1.178, 36.061, 42.2, 0.373, 0.477
1, 2.434, 36.636, 132.8, 0.098, 0.145
2, 3.978, 36.636, 84.2, 0.356, 0.436
1, 1.458, 35.764, 79.6, 0.144, 0.243
2, 2.512, 35.764, 57.5, 0.491, 0.628
1, 1.432, 36.209, 78.1, 0.129, 0.215
2, 2.473, 36.209, 56.8, 0.407, 0.508
1, 2.958, 36.777, 161.3, 0.129, 0.215
2, 4.506, 36.777, 84.4, 0.387, 0.463
1, 1.088, 35.308, 59.3, 0.106, 0.112
2, 2.294, 35.308, 65.8, 0.665, 0.798
1, -35.759, 35.759, 50.9, 0.096, 0.100
2, -35.759, 35.759, 51.0, 0.569, 0.669
1, 1.799, 36.244, 98.1, 0.095, 0.100
2, 3.597, 36.244, 98.1, 0.538, 0.621
1, 1.325, 35.397, 72.3, 0.140, 0.175
2, 2.535, 35.397, 66.0, 0.716, 0.844
1, 1.080, 35.862, 58.9, 0.127, 0.157
2, 1.080, 35.862, 49.9, 0.614, 0.708
1, 2.510, 36.399, 136.9, 0.124, 0.154
2, 4.505, 36.399, 108.8, 0.575, 0.653
1, 1.433, 35.519, 78.2, 0.180, 0.259
2, 2.535, 35.519, 60.1, 0.773, 0.897
1, 1.344, 36.018, 73.3, 0.163, 0.232
2, 1.344, 36.018, 50.9, 0.661, 0.753
1, 3.020, 36.619, 164.7, 0.159, 0.226
2, 5.041, 36.619, 110.2, 0.617, 0.692
1, 1.153, 35.178, 62.9, 0.139, 0.124
2, 2.559, 35.178, 76.7, 1.030, 1.155
1, 1.072, 35.696, 58.5, 0.126, 0.112
2, 2.140, 35.696, 58.3, 0.884, 0.982
1, 1.668, 36.279, 91.0, 0.122, 0.108
2, 3.642, 36.279, 107.6, 0.823, 0.910
1, 1.365, 35.265, 74.4, 0.180, 0.192
2, 2.737, 35.265, 74.9, 1.091, 1.211
1, 1.283, 35.788, 70.0, 0.164, 0.174
2, 2.410, 35.788, 61.5, 0.942, 1.035
1, 1.830, 36.435, 99.8, 0.157, 0.167
2, 3.570, 36.435, 94.9, 0.872, 0.954
1, 1.679, 35.279, 91.6, 0.227, 0.281
2, 3.054, 35.279, 75.0, 1.162, 1.278
1, 1.474, 35.939, 80.4, 0.206, 0.253
2, 2.543, 35.939, 58.3, 1.000, 1.091
1, 2.561, 36.550, 139.7, 0.197, 0.242
2, 4.616, 36.550, 112.1, 0.925, 1.004
1, 1.503, 35.921, 82.0, 0.081, 0.103
2, 3.050, 35.921, 84.4, 0.605, 0.683
1, 1.610, 35.119, 87.8, 0.068, 0.084
2, 3.115, 35.119, 82.1, 0.471, 0.534
1, 1.439, 34.518, 78.5, 0.072, 0.090
2, 2.850, 34.518, 77.0, 0.476, 0.531
1, 1.808, 36.492, 98.6, 0.108, 0.165
2, 3.349, 36.492, 84.1, 0.671, 0.750
1, 2.052, 35.803, 111.9, 0.091, 0.136
2, 3.598, 35.803, 84.3, 0.529, 0.594
1, 1.726, 35.240, 94.1, 0.097, 0.144
2, 3.050, 35.240, 72.3, 0.529, 0.584
1, 2.214, 37.106, 120.7, 0.141, 0.249
2, 3.997, 37.106, 97.3, 0.758, 0.839
1, 2.496, 36.473, 136.1, 0.120, 0.206
2, 4.077, 36.473, 86.3, 0.600, 0.669
1, 2.092, 35.920, 114.1, 0.126, 0.217
2, 3.554, 35.920, 79.7, 0.596, 0.653
1, 1.354, 35.297, 73.9, 0.111, 0.114
2, 3.198, 35.297, 100.5, 0.986, 1.059
1, 1.512, 34.546, 82.5, 0.093, 0.094
2, 3.294, 34.546, 97.2, 0.768, 0.828
1, 1.399, 33.947, 76.3, 0.097, 0.098
2, 3.111, 33.947, 93.4, 0.769, 0.824
1, 1.680, 35.801, 91.6, 0.145, 0.180
2, 3.527, 35.801, 100.8, 1.060, 1.134
1, 1.949, 35.047, 106.3, 0.122, 0.149
2, 3.801, 35.047, 101.0, 0.833, 0.895
1, 1.695, 34.483, 92.5, 0.127, 0.155
2, 3.348, 34.483, 90.1, 0.831, 0.885
1, 2.113, 36.363, 115.2, 0.183, 0.267
2, 4.027, 36.363, 104.4, 1.150, 1.226
1, 2.386, 35.625, 130.1, 0.155, 0.222
2, 4.290, 35.625, 103.8, 0.913, 0.977
1, 2.038, 35.098, 111.1, 0.161, 0.229
2, 3.688, 35.098, 90.0, 0.907, 0.962
1, 1.266, 34.945, 69.1, 0.146, 0.126
2, 3.423, 34.945, 117.6, 1.514, 1.588
1, 1.457, 34.209, 79.5, 0.123, 0.105
2, 3.528, 34.209, 112.9, 1.184, 1.248
1, 1.376, 33.712, 75.1, 0.126, 0.107
2, 3.393, 33.712, 110.0, 1.178, 1.236
1, 1.599, 35.330, 87.2, 0.188, 0.197
2, 3.735, 35.330, 116.5, 1.599, 1.673
1, 1.875, 34.613, 102.2, 0.159, 0.165
2, 4.025, 34.613, 117.3, 1.260, 1.324
1, 1.754, 34.150, 95.7, 0.163, 0.168
2, 3.818, 34.150, 112.6, 1.250, 1.309
1, 1.939, 35.686, 105.8, 0.234, 0.289
2, 4.081, 35.686, 116.8, 1.702, 1.777
1, 2.293, 35.101, 125.1, 0.199, 0.241
2, 4.503, 35.101, 120.5, 1.350, 1.416
1, 2.074, 34.597, 113.1, 0.204, 0.246
2, 4.118, 34.597, 111.5, 1.337, 1.396
1, -30.508, 30.508, 51.1, 0.058, 0.073
2, -30.508, 30.508, 54.3, 0.413, 0.465
1, -30.098, 30.098, 49.7, 0.051, 0.064
2, -30.098, 30.098, 47.1, 0.339, 0.380
1, -29.885, 29.885, 45.6, 0.052, 0.065
2, -29.885, 29.885, 44.0, 0.329, 0.363
1, 1.113, 30.844, 60.7, 0.078, 0.118
2, 1.113, 30.844, 52.3, 0.462, 0.514
1, 1.206, 30.551, 65.8, 0.069, 0.103
2, 1.206, 30.551, 50.7, 0.379, 0.421
1, 1.081, 30.376, 59.0, 0.070, 0.104
2, 1.081, 30.376, 46.1, 0.364, 0.398
1, 1.383, 31.133, 75.4, 0.102, 0.178
2, 2.592, 31.133, 66.0, 0.522, 0.576
1, 1.512, 30.976, 82.5, 0.091, 0.156
2, 2.564, 30.976, 57.4, 0.425, 0.468
1, 1.384, 30.828, 75.5, 0.091, 0.156
2, 2.515, 30.828, 61.7, 0.407, 0.442
1, -30.091, 30.091, 48.1, 0.079, 0.082
2, 1.187, 30.091, 64.7, 0.681, 0.729
1, -29.710, 29.710, 46.4, 0.071, 0.072
2, 1.036, 29.710, 56.5, 0.560, 0.600
1, -29.476, 29.476, 46.2, 0.070, 0.071
2, 1.020, 29.476, 55.6, 0.535, 0.571
1, 1.093, 30.408, 59.6, 0.104, 0.129
2, 2.285, 30.408, 65.0, 0.735, 0.783
1, 1.092, 30.033, 59.6, 0.093, 0.114
2, 2.153, 30.033, 57.9, 0.607, 0.647
1, 1.083, 29.842, 59.1, 0.092, 0.112
2, 2.125, 29.842, 56.8, 0.578, 0.614
1, 1.467, 30.745, 80.0, 0.132, 0.191
2, 2.688, 30.745, 66.6, 0.799, 0.849
1, 1.375, 30.411, 75.0, 0.118, 0.169
2, 2.505, 30.411, 61.6, 0.663, 0.704
1, 1.373, 30.264, 74.9, 0.117, 0.166
2, 2.419, 30.264, 57.1, 0.631, 0.667
1, 1.018, 29.846, 55.5, 0.105, 0.091
2, 2.395, 29.846, 75.1, 1.055, 1.106
1, -29.485, 29.485, 53.1, 0.094, 0.081
2, 1.224, 29.485, 66.8, 0.871, 0.916
1, 1.010, 29.317, 55.1, 0.092, 0.079
2, 2.217, 29.317, 65.9, 0.822, 0.865
1, 1.141, 30.097, 62.3, 0.135, 0.142
2, 2.529, 30.097, 75.7, 1.116, 1.167
1, 1.073, 29.750, 58.5, 0.121, 0.126
2, 2.314, 29.750, 67.7, 0.926, 0.971
1, 1.042, 29.620, 56.8, 0.119, 0.123
2, 2.239, 29.620, 65.3, 0.874, 0.917
1, 1.602, 30.310, 87.4, 0.169, 0.208
2, 2.991, 30.310, 75.8, 1.189, 1.241
1, 1.434, 30.068, 78.2, 0.152, 0.185
2, 2.688, 30.068, 68.4, 0.991, 1.038
1, 1.498, 29.921, 81.7, 0.148, 0.179
2, 2.715, 29.921, 66.4, 0.935, 0.978
1, -26.539, 26.539, 38.5, 0.047, 0.060
2, -26.539, 26.539, 40.6, 0.327, 0.363
1, -26.375, 26.375, 38.0, 0.043, 0.054
2, -26.375, 26.375, 36.1, 0.275, 0.302
1, 1.344, 26.356, 73.3, 0.042, 0.052
2, 2.641, 26.356, 70.8, 0.257, 0.280
1, -26.761, 26.761, 47.9, 0.063, 0.096
2, -26.761, 26.761, 40.9, 0.366, 0.402
1, -26.665, 26.665, 47.6, 0.058, 0.086
2, -26.665, 26.665, 37.4, 0.306, 0.334
1, 1.644, 26.699, 89.7, 0.056, 0.084
2, 2.889, 26.699, 67.9, 0.284, 0.307
1, 1.076, 26.996, 58.7, 0.083, 0.144
2, 1.076, 26.996, 53.3, 0.412, 0.450
1, 1.080, 26.953, 58.9, 0.076, 0.130
2, 1.080, 26.953, 45.7, 0.339, 0.369
1, 1.883, 27.008, 102.7, 0.074, 0.125
2, 3.064, 27.008, 64.4, 0.316, 0.339
1, -26.252, 26.252, 46.1, 0.065, 0.067
2, -26.252, 26.252, 50.0, 0.544, 0.577
1, -26.098, 26.098, 44.0, 0.059, 0.061
2, -26.098, 26.098, 44.4, 0.457, 0.485
1, 1.186, 26.052, 64.7, 0.057, 0.058
2, 2.609, 26.052, 77.6, 0.422, 0.447
1, -26.440, 26.440, 53.9, 0.085, 0.105
2, -26.440, 26.440, 48.7, 0.587, 0.620
1, 1.024, 26.316, 55.8, 0.077, 0.095
2, 1.024, 26.316, 44.8, 0.495, 0.522
1, 1.573, 26.308, 85.8, 0.074, 0.091
2, 3.080, 26.308, 82.2, 0.456, 0.480
1, 1.189, 26.648, 64.8, 0.107, 0.156
2, 1.189, 26.648, 50.3, 0.638, 0.673
1, 1.161, 26.572, 63.3, 0.098, 0.141
2, 1.161, 26.572, 46.0, 0.538, 0.566
1, 1.859, 26.606, 101.4, 0.095, 0.134
2, 3.345, 26.606, 81.1, 0.495, 0.520
1, -26.068, 26.068, 49.2, 0.086, 0.075
2, 1.085, 26.068, 59.2, 0.846, 0.882
1, -25.940, 25.940, 47.1, 0.078, 0.068
2, -25.940, 25.940, 52.1, 0.715, 0.747
1, 1.419, 25.941, 77.4, 0.075, 0.064
2, 3.436, 25.941, 110.0, 0.652, 0.683
1, 1.159, 26.232, 63.2, 0.110, 0.117
2, 2.202, 26.232, 56.9, 0.895, 0.931
1, 1.090, 26.118, 59.4, 0.101, 0.106
2, 1.090, 26.118, 52.2, 0.759, 0.791
1, 1.488, 26.157, 81.2, 0.096, 0.100
2, 3.195, 26.157, 93.1, 0.691, 0.722
1, 1.300, 26.362, 70.9, 0.138, 0.170
2, 2.350, 26.362, 57.3, 0.953, 0.990
1, 1.228, 26.338, 67.0, 0.127, 0.155
2, 1.228, 26.338, 53.6, 0.810, 0.843
1, 1.691, 26.364, 92.2, 0.120, 0.146
2, 3.320, 26.364, 88.9, 0.738, 0.770
1, 1.345, 25.502, 73.3, 0.055, 0.071
2, 2.967, 25.502, 88.5, 0.513, 0.531
1, 1.277, 24.804, 69.7, 0.047, 0.059
2, 2.645, 24.804, 74.6, 0.392, 0.407
1, 1.022, 24.228, 55.7, 0.046, 0.059
2, 2.154, 24.228, 61.8, 0.373, 0.386
1, 1.690, 26.005, 92.2, 0.074, 0.115
2, 3.312, 26.005, 88.5, 0.570, 0.589
1, 1.748, 25.382, 95.4, 0.063, 0.096
2, 3.253, 25.382, 82.1, 0.439, 0.455
1, 1.262, 24.821, 68.8, 0.062, 0.095
2, 2.368, 24.821, 60.3, 0.417, 0.430
1, 2.071, 26.530, 113.0, 0.095, 0.174
2, 3.728, 26.530, 90.4, 0.653, 0.673
1, 2.065, 25.963, 112.6, 0.082, 0.145
2, 3.557, 25.963, 81.4, 0.504, 0.520
1, 1.579, 25.406, 86.1, 0.081, 0.143
2, 2.723, 25.406, 62.4, 0.480, 0.493
1, 1.192, 24.983, 65.0, 0.077, 0.080
2, 3.078, 24.983, 102.9, 0.852, 0.869
1, 1.286, 24.304, 70.2, 0.066, 0.067
2, 3.008, 24.304, 93.9, 0.654, 0.668
1, 1.009, 23.735, 55.0, 0.065, 0.066
2, 2.396, 23.735, 75.7, 0.621, 0.633
1, 1.504, 25.409, 82.0, 0.101, 0.127
2, 3.399, 25.409, 103.4, 0.914, 0.931
1, 1.554, 24.730, 84.8, 0.086, 0.107
2, 3.251, 24.730, 92.6, 0.707, 0.721
1, 1.316, 24.176, 71.8, 0.084, 0.104
2, 2.776, 24.176, 79.7, 0.671, 0.683
1, 1.827, 25.876, 99.7, 0.127, 0.189
2, 3.739, 25.876, 104.3, 0.991, 1.009
1, 1.897, 25.208, 103.4, 0.109, 0.159
2, 3.624, 25.208, 94.2, 0.773, 0.788
1, 1.560, 24.667, 85.1, 0.107, 0.155
2, 2.999, 24.667, 78.5, 0.734, 0.747
1, 1.078, 24.676, 58.8, 0.103, 0.089
2, 3.175, 24.676, 114.4, 1.332, 1.349
1, 1.157, 24.007, 63.1, 0.088, 0.076
2, 3.070, 24.007, 104.3, 1.027, 1.043
1, -23.494, 23.494, 54.5, 0.086, 0.073
2, 1.663, 23.494, 90.7, 0.972, 0.986
1, 1.349, 25.005, 73.6, 0.133, 0.141
2, 3.447, 25.005, 114.4, 1.403, 1.420
1, 1.579, 24.343, 86.1, 0.114, 0.119
2, 3.648, 24.343, 112.8, 1.089, 1.104
1, 1.282, 23.843, 69.9, 0.111, 0.116
2, 2.992, 23.843, 93.3, 1.031, 1.046
1, 1.650, 25.331, 90.0, 0.166, 0.207
2, 3.803, 25.331, 117.4, 1.490, 1.508
1, 1.823, 24.735, 99.4, 0.143, 0.175
2, 3.845, 24.735, 110.3, 1.163, 1.180
1, 1.557, 24.211, 85.0, 0.139, 0.170
2, 3.291, 24.211, 94.6, 1.102, 1.117
1, -23.051, 23.051, 46.0, 0.042, 0.054
2, -23.051, 23.051, 52.5, 0.365, 0.381
1, -22.559, 22.559, 41.8, 0.038, 0.047
2, -22.559, 22.559, 45.5, 0.295, 0.308
1, -22.210, 22.210, 39.7, 0.036, 0.045
2, -22.210, 22.210, 43.0, 0.270, 0.280
1, 1.057, 23.395, 57.6, 0.056, 0.086
2, 1.057, 23.395, 52.9, 0.408, 0.424
1, 1.000, 22.994, 54.6, 0.050, 0.076
2, 1.000, 22.994, 47.3, 0.329, 0.342
1, -22.668, 22.668, 48.3, 0.048, 0.072
2, -22.668, 22.668, 41.4, 0.301, 0.312
1, 1.254, 23.710, 68.4, 0.073, 0.130
2, 1.254, 23.710, 53.6, 0.467, 0.484
1, 1.209, 23.420, 65.9, 0.065, 0.115
2, 1.209, 23.420, 48.2, 0.373, 0.387
1, 1.105, 23.113, 60.3, 0.063, 0.109
2, 1.105, 23.113, 42.7, 0.343, 0.355
1, -22.668, 22.668, 41.4, 0.058, 0.061
2, 1.145, 22.668, 62.5, 0.613, 0.627
1, -22.176, 22.176, 39.6, 0.052, 0.054
2, 1.004, 22.176, 54.7, 0.496, 0.509
1, -21.817, 21.817, 37.7, 0.050, 0.050
2, -21.817, 21.817, 51.2, 0.451, 0.462
1, -22.975, 22.975, 52.8, 0.076, 0.096
2, 1.174, 22.975, 64.1, 0.658, 0.673
1, -22.494, 22.494, 49.8, 0.069, 0.085
2, 1.020, 22.494, 55.6, 0.536, 0.549
1, -22.158, 22.158, 48.9, 0.065, 0.080
2, -22.158, 22.158, 53.0, 0.487, 0.498
1, 1.161, 23.298, 63.3, 0.096, 0.142
2, 2.351, 23.298, 65.0, 0.715, 0.731
1, 1.131, 22.852, 61.7, 0.087, 0.126
2, 2.175, 22.852, 57.0, 0.584, 0.598
1, 1.063, 22.540, 58.0, 0.082, 0.118
2, 1.063, 22.540, 52.6, 0.532, 0.544
1, -22.431, 22.431, 37.1, 0.078, 0.068
2, 1.320, 22.431, 72.0, 0.964, 0.980
1, -21.950, 21.950, 38.0, 0.071, 0.061
2, 1.174, 21.950, 64.1, 0.784, 0.799
1, -21.628, 21.628, 38.9, 0.066, 0.057
2, 1.153, 21.628, 62.9, 0.707, 0.721
1, -22.675, 22.675, 47.2, 0.101, 0.107
2, 1.336, 22.675, 72.9, 1.014, 1.031
1, -22.203, 22.203, 48.2, 0.091, 0.095
2, 1.200, 22.203, 65.5, 0.830, 0.845
1, -21.902, 21.902, 46.9, 0.085, 0.089
2, 1.122, 21.902, 61.2, 0.749, 0.764
1, 1.068, 22.906, 58.3, 0.126, 0.157
2, 2.430, 22.906, 74.3, 1.077, 1.094
1, 1.064, 22.497, 58.1, 0.114, 0.139
2, 2.269, 22.497, 65.7, 0.885, 0.900
1, 1.039, 22.185, 56.7, 0.107, 0.130
2, 2.176, 22.185, 62.0, 0.800, 0.815
1, -21.049, 21.049, 32.2, 0.035, 0.045
2, -21.049, 21.049, 39.0, 0.296, 0.309
1, -20.712, 20.712, 31.4, 0.032, 0.040
2, -20.712, 20.712, 35.8, 0.244, 0.255
1, 1.092, 20.507, 59.6, 0.030, 0.038
2, 2.267, 20.507, 64.1, 0.218, 0.227
1, -21.299, 21.299, 41.5, 0.047, 0.072
2, -21.299, 21.299, 39.5, 0.330, 0.343
1, -21.028, 21.028, 40.2, 0.043, 0.065
2, -21.028, 21.028, 35.4, 0.272, 0.283
1, 1.427, 20.863, 77.8, 0.040, 0.060
2, 2.639, 20.863, 66.1, 0.243, 0.252
1, -21.557, 21.557, 51.4, 0.061, 0.108
2, -21.557, 21.557, 41.0, 0.375, 0.389
1, -21.343, 21.343, 51.0, 0.056, 0.098
2, -21.343, 21.343, 37.7, 0.306, 0.318
1, 1.501, 21.204, 81.9, 0.052, 0.091
2, 2.558, 21.204, 57.6, 0.274, 0.284
1, -20.761, 20.761, 32.3, 0.049, 0.051
2, -20.761, 20.761, 47.0, 0.498, 0.510
1, -20.414, 20.414, 30.2, 0.045, 0.046
2, -20.414, 20.414, 44.0, 0.413, 0.424
1, 1.045, 20.188, 57.0, 0.042, 0.042
2, 2.451, 20.188, 76.7, 0.365, 0.375
1, -20.972, 20.972, 38.6, 0.063, 0.080
2, -20.972, 20.972, 47.3, 0.535, 0.548
1, -20.654, 20.654, 37.8, 0.058, 0.072
2, -20.654, 20.654, 43.6, 0.445, 0.456
1, 1.250, 20.455, 68.2, 0.054, 0.067
2, 2.596, 20.455, 73.4, 0.394, 0.404
1, -21.196, 21.196, 47.2, 0.080, 0.118
2, -21.196, 21.196, 48.7, 0.582, 0.595
1, -20.925, 20.925, 46.0, 0.074, 0.107
2, -20.925, 20.925, 43.9, 0.484, 0.496
1, 1.500, 20.754, 81.8, 0.069, 0.099
2, 2.849, 20.754, 73.6, 0.429, 0.440
1, -20.573, 20.573, 34.2, 0.065, 0.057
2, 1.009, 20.573, 55.0, 0.785, 0.799
1, -20.238, 20.238, 32.4, 0.060, 0.052
2, -20.238, 20.238, 50.5, 0.655, 0.668
1, -20.040, 20.040, 52.1, 0.055, 0.048
2, 1.529, 20.040, 83.4, 0.573, 0.586
1, -20.753, 20.753, 41.3, 0.084, 0.089
2, 1.007, 20.753, 54.9, 0.826, 0.840
1, -20.430, 20.430, 36.6, 0.077, 0.081
2, -20.430, 20.430, 50.7, 0.692, 0.705
1, 1.132, 20.256, 61.8, 0.071, 0.074
2, 2.592, 20.256, 79.6, 0.607, 0.620
1, -20.915, 20.915, 48.0, 0.105, 0.130
2, 1.041, 20.915, 56.8, 0.877, 0.892
1, -20.655, 20.655, 46.0, 0.097, 0.119
2, -20.655, 20.655, 52.7, 0.737, 0.751
1, 1.431, 20.474, 78.1, 0.089, 0.108
2, 2.979, 20.474, 84.4, 0.647, 0.661
1, -43.320, 43.320, 51.2, 0.053, 0.069
2, -43.320, 43.320, 45.2, 0.280, 0.456
1, -42.957, 42.957, 50.6, 0.045, 0.057
2, -42.957, 42.957, 44.1, 0.226, 0.362
1, 1.114, 42.913, 60.8, 0.054, 0.071
2, 1.114, 42.913, 53.7, 0.262, 0.377
1, 1.194, 43.755, 65.2, 0.072, 0.109
2, 1.194, 43.755, 46.9, 0.312, 0.486
1, 1.120, 43.388, 61.1, 0.061, 0.091
2, 1.120, 43.388, 42.2, 0.254, 0.389
1, 1.307, 43.457, 71.3, 0.072, 0.110
2, 1.307, 43.457, 47.8, 0.280, 0.391
1, 1.358, 44.103, 74.1, 0.096, 0.165
2, 3.161, 44.103, 98.4, 0.349, 0.524
1, 1.407, 43.808, 76.8, 0.081, 0.137
2, 2.961, 43.808, 84.7, 0.283, 0.419
1, 2.137, 43.990, 116.6, 0.094, 0.162
2, 3.754, 43.990, 88.2, 0.302, 0.411
1, -43.076, 43.076, 49.8, 0.070, 0.075
2, 1.057, 43.076, 57.6, 0.453, 0.617
1, -42.638, 42.638, 44.5, 0.059, 0.063
2, -42.638, 42.638, 45.5, 0.367, 0.496
1, 1.009, 42.629, 55.0, 0.068, 0.073
2, 2.068, 42.629, 57.8, 0.402, 0.517
1, 1.115, 43.298, 60.8, 0.092, 0.117
2, 1.115, 43.298, 53.8, 0.489, 0.650
1, 1.055, 42.981, 57.6, 0.078, 0.098
2, 1.055, 42.981, 46.3, 0.401, 0.528
1, 1.197, 42.918, 65.3, 0.088, 0.112
2, 1.197, 42.918, 53.2, 0.427, 0.536
1, 1.312, 43.608, 71.6, 0.118, 0.172
2, 1.312, 43.608, 53.1, 0.530, 0.691
1, 1.301, 43.330, 71.0, 0.101, 0.145
2, 1.301, 43.330, 50.5, 0.438, 0.564
1, 1.415, 43.435, 77.2, 0.112, 0.163
2, 1.415, 43.435, 51.4, 0.457, 0.563
1, 1.069, 42.825, 58.3, 0.090, 0.082
2, 2.176, 42.825, 60.4, 0.687, 0.846
1, -42.550, 42.550, 51.4, 0.077, 0.070
2, 1.026, 42.550, 56.0, 0.558, 0.687
1, 1.035, 42.573, 56.5, 0.085, 0.077
2, 2.182, 42.573, 62.5, 0.590, 0.706
1, 1.232, 43.044, 67.2, 0.117, 0.126
2, 2.332, 43.044, 60.0, 0.731, 0.887
1, 1.098, 42.751, 59.9, 0.100, 0.107
2, 2.235, 42.751, 62.0, 0.600, 0.724
1, 1.149, 42.923, 62.7, 0.109, 0.117
2, 2.256, 42.923, 60.4, 0.622, 0.734
1, 1.440, 43.206, 78.6, 0.146, 0.183
2, 2.531, 43.206, 59.5, 0.780, 0.935
1, 1.304, 43.021, 71.1, 0.126, 0.155
2, 2.315, 43.021, 55.2, 0.642, 0.766
1, 1.351, 43.263, 73.7, 0.136, 0.169
2, 2.386, 43.263, 56.4, 0.659, 0.768
1, -31.423, 31.423, 35.3, 0.038, 0.049
2, -31.423, 31.423, 31.1, 0.186, 0.280
1, -31.463, 31.463, 31.7, 0.033, 0.043
2, -31.463, 31.463, 25.2, 0.155, 0.225
1, -31.780, 31.780, 45.5, 0.036, 0.048
2, -31.780, 31.780, 37.2, 0.164, 0.219
1, -31.564, 31.564, 42.9, 0.051, 0.078
2, -31.564, 31.564, 31.6, 0.207, 0.298
1, -31.614, 31.614, 41.2, 0.045, 0.068
2, -31.614, 31.614, 26.6, 0.171, 0.239
1, -32.036, 32.036, 52.5, 0.049, 0.074
2, -32.036, 32.036, 33.2, 0.175, 0.228
1, -31.745, 31.745, 51.0, 0.068, 0.117
2, -31.745, 31.745, 40.9, 0.231, 0.321
1, -31.757, 31.757, 50.7, 0.061, 0.102
2, -31.757, 31.757, 36.3, 0.188, 0.255
1, 1.500, 32.283, 81.8, 0.064, 0.109
2, 1.500, 32.283, 47.4, 0.189, 0.240
1, -31.229, 31.229, 39.6, 0.050, 0.054
2, -31.229, 31.229, 43.7, 0.306, 0.390
1, -31.316, 31.316, 33.4, 0.045, 0.048
2, -31.316, 31.316, 32.0, 0.259, 0.323
1, -31.619, 31.619, 40.1, 0.047, 0.051
2, -31.619, 31.619, 39.4, 0.260, 0.313
1, -31.293, 31.293, 42.3, 0.066, 0.084
2, -31.293, 31.293, 38.7, 0.330, 0.412
1, -31.458, 31.458, 39.2, 0.059, 0.074
2, -31.458, 31.458, 31.2, 0.281, 0.341
1, -31.745, 31.745, 47.4, 0.061, 0.077
2, -31.745, 31.745, 36.8, 0.276, 0.327
1, -31.427, 31.427, 52.0, 0.085, 0.123
2, -31.427, 31.427, 40.4, 0.358, 0.438
1, -31.609, 31.609, 50.6, 0.076, 0.109
2, -31.609, 31.609, 30.9, 0.303, 0.363
1, 1.033, 31.993, 56.3, 0.077, 0.112
2, 1.033, 31.993, 36.4, 0.295, 0.344
1, -31.076, 31.076, 43.1, 0.065, 0.060
2, -31.076, 31.076, 47.7, 0.472, 0.549
1, -31.281, 31.281, 39.9, 0.058, 0.053
2, -31.281, 31.281, 36.2, 0.400, 0.461
1, -31.593, 31.593, 40.9, 0.059, 0.054
2, -31.593, 31.593, 43.6, 0.390, 0.443
1, -31.168, 31.168, 50.7, 0.084, 0.092
2, -31.168, 31.168, 48.1, 0.500, 0.576
1, -31.359, 31.359, 47.1, 0.075, 0.082
2, -31.359, 31.359, 38.6, 0.427, 0.485
1, -31.759, 31.759, 45.8, 0.076, 0.083
2, -31.759, 31.759, 43.0, 0.411, 0.463
1, 1.116, 31.234, 60.9, 0.106, 0.133
2, 1.116, 31.234, 47.2, 0.532, 0.606
1, 1.058, 31.463, 57.7, 0.095, 0.118
2, 1.058, 31.463, 35.8, 0.455, 0.512
1, 1.012, 31.914, 55.2, 0.095, 0.118
2, 1.012, 31.914, 39.7, 0.435, 0.485
1, -24.683, 24.683, 30.8, 0.031, 0.040
2, -24.683, 24.683, 26.1, 0.143, 0.202
1, -24.872, 24.872, 24.6, 0.028, 0.036
2, -24.872, 24.872, 19.9, 0.121, 0.165
1, -25.067, 25.067, 34.9, 0.024, 0.032
2, -25.067, 25.067, 26.0, 0.105, 0.134
1, -24.757, 24.757, 35.6, 0.041, 0.063
2, -24.757, 24.757, 25.6, 0.160, 0.216
1, -24.907, 24.907, 31.7, 0.038, 0.056
2, -24.907, 24.907, 20.4, 0.133, 0.175
1, -25.191, 25.191, 39.0, 0.033, 0.050
2, -25.191, 25.191, 23.3, 0.116, 0.143
1, -24.876, 24.876, 44.4, 0.055, 0.094
2, -24.876, 24.876, 43.7, 0.178, 0.233
1, -24.950, 24.950, 37.9, 0.050, 0.084
2, -24.950, 24.950, 21.6, 0.147, 0.188
1, -25.317, 25.317, 46.7, 0.045, 0.074
2, -25.317, 25.317, 25.9, 0.128, 0.154
1, -24.518, 24.518, 33.6, 0.041, 0.044
2, -24.518, 24.518, 35.9, 0.237, 0.289
1, -24.778, 24.778, 31.5, 0.037, 0.040
2, -24.778, 24.778, 27.0, 0.205, 0.243
1, -24.975, 24.975, 35.4, 0.033, 0.036
2, -24.975, 24.975, 32.4, 0.176, 0.202
1, -24.542, 24.542, 38.0, 0.054, 0.068
2, -24.542, 24.542, 33.4, 0.256, 0.306
1, -24.834, 24.834, 33.2, 0.049, 0.062
2, -24.834, 24.834, 24.6, 0.220, 0.257
1, -25.032, 25.032, 42.9, 0.043, 0.055
2, -25.032, 25.032, 31.9, 0.190, 0.215
1, -24.618, 24.618, 41.2, 0.069, 0.100
2, -24.618, 24.618, 31.1, 0.278, 0.326
1, -24.869, 24.869, 39.5, 0.063, 0.090
2, -24.869, 24.869, 24.7, 0.237, 0.273
1, -25.160, 25.160, 49.6, 0.055, 0.079
2, -25.160, 25.160, 31.1, 0.205, 0.229
1, -24.421, 24.421, 40.7, 0.053, 0.049
2, -24.421, 24.421, 39.7, 0.369, 0.415
1, -24.770, 24.770, 39.4, 0.048, 0.045
2, -24.770, 24.770, 30.6, 0.319, 0.354
1, -24.968, 24.968, 35.5, 0.042, 0.040
2, -24.968, 24.968, 38.6, 0.273, 0.298
1, -24.457, 24.457, 50.1, 0.068, 0.075
2, -24.457, 24.457, 39.7, 0.390, 0.435
1, -24.798, 24.798, 46.2, 0.063, 0.068
2, -24.798, 24.798, 32.7, 0.339, 0.372
1, -25.059, 25.059, 44.0, 0.055, 0.060
2, -25.059, 25.059, 39.0, 0.290, 0.314
1, 1.018, 24.473, 55.5, 0.086, 0.108
2, 1.018, 24.473, 38.6, 0.415, 0.459
1, -24.837, 24.837, 52.8, 0.079, 0.098
2, -24.837, 24.837, 32.3, 0.360, 0.392
1, -25.135, 25.135, 51.7, 0.069, 0.086
2, -25.135, 25.135, 38.7, 0.308, 0.332
1, -28.051, 28.051, 40.0, 0.031, 0.040
2, -28.051, 28.051, 40.6, 0.217, 0.252
1, -27.435, 27.435, 40.6, 0.026, 0.034
2, -27.435, 27.435, 37.5, 0.174, 0.203
1, -26.987, 26.987, 35.7, 0.028, 0.036
2, -26.987, 26.987, 36.1, 0.181, 0.206
1, -28.493, 28.493, 47.5, 0.041, 0.063
2, -28.493, 28.493, 40.2, 0.242, 0.278
1, -27.922, 27.922, 48.9, 0.035, 0.053
2, -27.922, 27.922, 36.4, 0.195, 0.226
1, -27.523, 27.523, 42.9, 0.038, 0.057
2, -27.523, 27.523, 33.3, 0.198, 0.224
1, 1.003, 28.898, 54.7, 0.053, 0.094
2, 1.003, 28.898, 48.5, 0.276, 0.314
1, 1.092, 28.415, 59.6, 0.046, 0.080
2, 1.092, 28.415, 38.5, 0.222, 0.253
1, -28.071, 28.071, 53.0, 0.049, 0.085
2, -28.071, 28.071, 47.8, 0.222, 0.248
1, -27.695, 27.695, 40.5, 0.042, 0.044
2, -27.695, 27.695, 50.2, 0.356, 0.390
1, -27.011, 27.011, 35.9, 0.036, 0.038
2, -27.011, 27.011, 40.5, 0.284, 0.312
1, -26.575, 26.575, 32.6, 0.037, 0.039
2, -26.575, 26.575, 39.8, 0.287, 0.312
1, -28.002, 28.002, 48.2, 0.054, 0.069
2, -28.002, 28.002, 48.3, 0.382, 0.417
1, -27.386, 27.386, 45.4, 0.047, 0.058
2, -27.386, 27.386, 42.7, 0.307, 0.336
1, -26.930, 26.930, 42.0, 0.049, 0.061
2, -26.930, 26.930, 40.6, 0.307, 0.333
1, 1.028, 28.352, 56.1, 0.068, 0.101
2, 1.028, 28.352, 47.1, 0.416, 0.452
1, 1.027, 27.780, 56.0, 0.059, 0.086
2, 1.027, 27.780, 44.2, 0.336, 0.366
1, -27.391, 27.391, 49.2, 0.062, 0.089
2, -27.391, 27.391, 40.1, 0.334, 0.360
1, -27.418, 27.418, 33.4, 0.054, 0.049
2, -27.418, 27.418, 54.0, 0.547, 0.581
1, -26.794, 26.794, 34.3, 0.047, 0.042
2, -26.794, 26.794, 47.9, 0.437, 0.467
1, -26.372, 26.372, 34.7, 0.048, 0.042
2, -26.372, 26.372, 50.1, 0.433, 0.460
1, -27.684, 27.684, 41.4, 0.070, 0.075
2, -27.684, 27.684, 54.0, 0.576, 0.611
1, -27.059, 27.059, 43.2, 0.061, 0.064
2, -27.059, 27.059, 49.0, 0.463, 0.493
1, -26.694, 26.694, 41.6, 0.062, 0.066
2, -26.694, 26.694, 48.3, 0.458, 0.485
1, -27.940, 27.940, 49.0, 0.087, 0.109
2, -27.940, 27.940, 53.4, 0.611, 0.647
1, -27.367, 27.367, 53.0, 0.076, 0.093
2, -27.367, 27.367, 50.6, 0.495, 0.526
1, -27.031, 27.031, 49.1, 0.077, 0.095
2, -27.031, 27.031, 47.6, 0.487, 0.515
1, -23.119, 23.119, 24.9, 0.022, 0.029
2, -23.119, 23.119, 25.8, 0.150, 0.172
1, -22.782, 22.782, 23.5, 0.020, 0.026
2, -22.782, 22.782, 22.1, 0.125, 0.142
1, -22.669, 22.669, 32.5, 0.020, 0.026
2, -22.669, 22.669, 31.8, 0.123, 0.137
1, -23.344, 23.344, 30.0, 0.030, 0.046
2, -23.344, 23.344, 25.1, 0.168, 0.191
1, -23.042, 23.042, 31.5, 0.027, 0.041
2, -23.042, 23.042, 24.1, 0.139, 0.157
1, -23.007, 23.007, 37.9, 0.027, 0.041
2, -23.007, 23.007, 28.7, 0.135, 0.149
1, -23.590, 23.590, 35.8, 0.039, 0.068
2, -23.590, 23.590, 35.3, 0.191, 0.214
1, -23.294, 23.294, 37.5, 0.035, 0.061
2, -23.294, 23.294, 28.1, 0.156, 0.175
1, -23.348, 23.348, 42.8, 0.035, 0.061
2, -23.348, 23.348, 27.0, 0.149, 0.164
1, -22.866, 22.866, 26.4, 0.030, 0.032
2, -22.866, 22.866, 31.6, 0.249, 0.269
1, -22.529, 22.529, 25.3, 0.027, 0.029
2, -22.529, 22.529, 26.4, 0.207, 0.224
1, -22.392, 22.392, 29.4, 0.027, 0.028
2, -22.392, 22.392, 35.0, 0.197, 0.212
1, -23.023, 23.023, 30.6, 0.039, 0.050
2, -23.023, 23.023, 30.4, 0.268, 0.288
1, -22.750, 22.750, 30.7, 0.035, 0.045
2, -22.750, 22.750, 26.7, 0.224, 0.240
1, -22.613, 22.613, 32.4, 0.035, 0.044
2, -22.613, 22.613, 30.5, 0.212, 0.227
1, -23.219, 23.219, 37.0, 0.050, 0.073
2, -23.219, 23.219, 30.0, 0.292, 0.313
1, -22.984, 22.984, 36.1, 0.045, 0.065
2, -22.984, 22.984, 28.3, 0.244, 0.261
1, -22.905, 22.905, 38.8, 0.045, 0.064
2, -22.905, 22.905, 30.3, 0.230, 0.244
1, -22.684, 22.684, 29.1, 0.040, 0.036
2, -22.684, 22.684, 35.9, 0.386, 0.406
1, -22.398, 22.398, 27.9, 0.036, 0.032
2, -22.398, 22.398, 30.8, 0.322, 0.339
1, -22.260, 22.260, 28.2, 0.035, 0.031
2, -22.260, 22.260, 39.2, 0.301, 0.318
1, -22.836, 22.836, 36.8, 0.051, 0.055
2, -22.836, 22.836, 36.7, 0.407, 0.427
1, -22.554, 22.554, 33.1, 0.046, 0.050
2, -22.554, 22.554, 31.4, 0.341, 0.359
1, -22.465, 22.465, 36.0, 0.045, 0.048
2, -22.465, 22.465, 40.5, 0.319, 0.335
1, -22.979, 22.979, 42.2, 0.063, 0.079
2, -22.979, 22.979, 35.1, 0.433, 0.454
1, -22.733, 22.733, 39.8, 0.058, 0.072
2, -22.733, 22.733, 31.3, 0.364, 0.382
1, -22.676, 22.676, 38.5, 0.056, 0.069
2, -22.676, 22.676, 36.3, 0.339, 0.356
1, -19.689, 19.689, 21.9, 0.018, 0.024
2, -19.689, 19.689, 20.1, 0.120, 0.135
1, -19.510, 19.510, 19.0, 0.017, 0.022
2, -19.510, 19.510, 17.2, 0.101, 0.112
1, -19.412, 19.412, 27.9, 0.015, 0.019
2, -19.412, 19.412, 25.1, 0.087, 0.095
1, -19.828, 19.828, 25.3, 0.025, 0.038
2, -19.828, 19.828, 21.4, 0.135, 0.149
1, -19.640, 19.640, 23.7, 0.022, 0.034
2, -19.640, 19.640, 17.7, 0.113, 0.124
1, -19.624, 19.624, 33.3, 0.020, 0.030
2, -19.624, 19.624, 24.1, 0.097, 0.105
1, -19.995, 19.995, 30.8, 0.032, 0.056
2, -19.995, 19.995, 29.7, 0.153, 0.168
1, -19.773, 19.773, 28.4, 0.029, 0.051
2, -19.773, 19.773, 22.4, 0.126, 0.138
1, -19.840, 19.840, 38.0, 0.027, 0.045
2, -19.840, 19.840, 24.1, 0.108, 0.116
1, -19.490, 19.490, 24.5, 0.025, 0.027
2, -19.490, 19.490, 28.9, 0.200, 0.213
1, -19.346, 19.346, 24.0, 0.023, 0.024
2, -19.346, 19.346, 20.9, 0.169, 0.180
1, -19.226, 19.226, 28.0, 0.020, 0.022
2, -19.226, 19.226, 31.4, 0.144, 0.152
1, -19.580, 19.580, 29.5, 0.032, 0.041
2, -19.580, 19.580, 25.4, 0.216, 0.229
1, -19.472, 19.472, 28.4, 0.030, 0.038
2, -19.472, 19.472, 20.6, 0.183, 0.193
1, -19.366, 19.366, 33.3, 0.027, 0.034
2, -19.366, 19.366, 30.1, 0.156, 0.164
1, -19.704, 19.704, 33.9, 0.041, 0.060
2, -19.704, 19.704, 25.8, 0.235, 0.248
1, -19.586, 19.586, 31.8, 0.038, 0.055
2, -19.586, 19.586, 21.5, 0.198, 0.209
1, -19.554, 19.554, 40.9, 0.034, 0.049
2, -19.554, 19.554, 31.1, 0.170, 0.178
1, -19.367, 19.367, 27.9, 0.033, 0.030
2, -19.367, 19.367, 34.2, 0.312, 0.325
1, -19.269, 19.269, 26.9, 0.030, 0.027
2, -19.269, 19.269, 23.9, 0.265, 0.276
1, -19.142, 19.142, 28.8, 0.027, 0.024
2, -19.142, 19.142, 38.4, 0.224, 0.234
1, -19.452, 19.452, 33.7, 0.042, 0.046
2, -19.452, 19.452, 32.0, 0.330, 0.342
1, -19.361, 19.361, 32.3, 0.039, 0.042
2, -19.361, 19.361, 24.6, 0.280, 0.291
1, -19.278, 19.278, 34.4, 0.035, 0.037
2, -19.278, 19.278, 37.2, 0.238, 0.247
1, -19.527, 19.527, 37.6, 0.052, 0.066
2, -19.527, 19.527, 31.8, 0.351, 0.364
1, -19.465, 19.465, 37.2, 0.048, 0.060
2, -19.465, 19.465, 24.2, 0.298, 0.309
1, -19.413, 19.413, 40.0, 0.043, 0.053
2, -19.413, 19.413, 36.5, 0.254, 0.263
1, -20.542, 20.542, 38.5, 0.021, 0.028
2, -20.542, 20.542, 44.2, 0.187, 0.196
1, -19.956, 19.956, 32.0, 0.018, 0.024
2, -19.956, 19.956, 33.7, 0.149, 0.156
1, -19.480, 19.480, 29.7, 0.018, 0.024
2, -19.480, 19.480, 31.3, 0.142, 0.149
1, -20.929, 20.929, 48.7, 0.028, 0.044
2, -20.929, 20.929, 44.5, 0.208, 0.218
1, -20.392, 20.392, 41.6, 0.025, 0.038
2, -20.392, 20.392, 35.1, 0.166, 0.174
1, -19.940, 19.940, 37.4, 0.024, 0.038
2, -19.940, 19.940, 31.7, 0.158, 0.164
1, 1.078, 21.297, 58.8, 0.036, 0.067
2, 1.078, 21.297, 44.8, 0.240, 0.249
1, -20.837, 20.837, 53.3, 0.032, 0.057
2, -20.837, 20.837, 37.1, 0.189, 0.198
1, -20.416, 20.416, 45.2, 0.032, 0.057
2, -20.416, 20.416, 32.2, 0.180, 0.187
1, -20.207, 20.207, 31.1, 0.029, 0.031
2, -20.207, 20.207, 47.1, 0.313, 0.321
1, -19.567, 19.567, 31.1, 0.026, 0.027
2, -19.567, 19.567, 41.7, 0.247, 0.254
1, -19.100, 19.100, 28.4, 0.025, 0.026
2, -19.100, 19.100, 39.0, 0.233, 0.240
1, -20.495, 20.495, 40.0, 0.038, 0.049
2, -20.495, 20.495, 48.3, 0.335, 0.343
1, -19.898, 19.898, 38.3, 0.034, 0.042
2, -19.898, 19.898, 41.3, 0.265, 0.273
1, -19.419, 19.419, 33.7, 0.033, 0.041
2, -19.419, 19.419, 36.6, 0.251, 0.257
1, -20.809, 20.809, 48.3, 0.048, 0.072
2, -20.809, 20.809, 48.4, 0.364, 0.373
1, -20.250, 20.250, 47.3, 0.042, 0.062
2, -20.250, 20.250, 42.6, 0.289, 0.297
1, -19.803, 19.803, 42.4, 0.042, 0.061
2, -19.803, 19.803, 38.6, 0.273, 0.280
1, -19.962, 19.962, 30.2, 0.039, 0.035
2, 1.035, 19.962, 56.4, 0.487, 0.496
1, -19.353, 19.353, 36.8, 0.034, 0.031
2, 1.080, 19.353, 58.9, 0.386, 0.394
1, -18.896, 18.896, 26.7, 0.033, 0.029
2, -18.896, 18.896, 43.7, 0.362, 0.369
1, -20.204, 20.204, 38.8, 0.050, 0.054
2, 1.063, 20.204, 58.0, 0.512, 0.521
1, -19.595, 19.595, 39.2, 0.044, 0.047
2, -19.595, 19.595, 50.4, 0.407, 0.415
1, -19.165, 19.165, 34.5, 0.043, 0.046
2, -19.165, 19.165, 45.2, 0.382, 0.389
1, -20.449, 20.449, 46.3, 0.063, 0.079
2, 1.055, 20.449, 57.6, 0.542, 0.551
1, -19.869, 19.869, 47.3, 0.055, 0.069
2, -19.869, 19.869, 50.8, 0.433, 0.441
1, -19.453, 19.453, 40.2, 0.053, 0.066
2, -19.453, 19.453, 44.0, 0.406, 0.414
1, -18.149, 18.149, 22.6, 0.016, 0.021
2, -18.149, 18.149, 24.9, 0.134, 0.142
1, -17.720, 17.720, 20.8, 0.015, 0.019
2, -17.720, 17.720, 21.4, 0.111, 0.117
1, -17.469, 17.469, 27.2, 0.014, 0.018
2, -17.469, 17.469, 29.5, 0.102, 0.107
1, -18.387, 18.387, 28.1, 0.021, 0.034
2, -18.387, 18.387, 24.9, 0.150, 0.158
1, -17.994, 17.994, 26.7, 0.020, 0.030
2, -17.994, 17.994, 22.9, 0.124, 0.130
1, -17.803, 17.803, 32.5, 0.019, 0.029
2, -17.803, 17.803, 27.5, 0.113, 0.118
1, -18.637, 18.637, 33.2, 0.028, 0.050
2, -18.637, 18.637, 25.5, 0.171, 0.179
1, -18.264, 18.264, 32.8, 0.025, 0.045
2, -18.264, 18.264, 23.7, 0.140, 0.147
1, -18.145, 18.145, 36.5, 0.024, 0.043
2, -18.145, 18.145, 25.5, 0.128, 0.133
1, -17.898, 17.898, 20.5, 0.022, 0.024
2, -17.898, 17.898, 29.8, 0.226, 0.233
1, -17.454, 17.454, 19.9, 0.020, 0.022
2, -17.454, 17.454, 25.9, 0.187, 0.192
1, -17.182, 17.182, 23.7, 0.019, 0.020
2, -17.182, 17.182, 31.6, 0.169, 0.174
1, -18.074, 18.074, 26.1, 0.029, 0.037
2, -18.074, 18.074, 30.5, 0.243, 0.250
1, -17.682, 17.682, 25.2, 0.026, 0.034
2, -17.682, 17.682, 26.7, 0.201, 0.206
1, -17.413, 17.413, 32.0, 0.025, 0.032
2, -17.413, 17.413, 34.2, 0.181, 0.186
1, -18.277, 18.277, 31.1, 0.037, 0.054
2, -18.277, 18.277, 30.3, 0.264, 0.271
1, -17.924, 17.924, 30.0, 0.033, 0.049
2, -17.924, 17.924, 27.0, 0.218, 0.224
1, -17.692, 17.692, 33.6, 0.032, 0.046
2, -17.692, 17.692, 29.9, 0.197, 0.202
1, -17.721, 17.721, 21.0, 0.030, 0.027
2, -17.721, 17.721, 33.4, 0.355, 0.362
1, -17.304, 17.304, 19.8, 0.027, 0.024
2, -17.304, 17.304, 30.3, 0.294, 0.300
1, -17.030, 17.030, 23.0, 0.025, 0.023
2, -17.030, 17.030, 36.3, 0.262, 0.268
1, -17.882, 17.882, 26.0, 0.038, 0.041
2, -17.882, 17.882, 33.6, 0.373, 0.380
1, -17.471, 17.471, 23.7, 0.035, 0.038
2, -17.471, 17.471, 30.4, 0.310, 0.316
1, -17.227, 17.227, 28.3, 0.033, 0.035
2, -17.227, 17.227, 36.0, 0.277, 0.283
1, -18.040, 18.040, 29.9, 0.047, 0.060
2, -18.040, 18.040, 34.5, 0.395, 0.403
1, -17.660, 17.660, 29.2, 0.043, 0.054
2, -17.660, 17.660, 31.3, 0.329, 0.336
1, -17.436, 17.436, 35.0, 0.041, 0.050
2, -17.436, 17.436, 37.3, 0.294, 0.301
1, -16.280, 16.280, 16.5, 0.014, 0.018
2, -16.280, 16.280, 18.3, 0.110, 0.116
1, -15.953, 15.953, 16.0, 0.012, 0.016
2, -15.953, 15.953, 16.4, 0.092, 0.097
1, -15.737, 15.737, 23.1, 0.011, 0.015
2, -15.737, 15.737, 23.5, 0.078, 0.081
1, -16.442, 16.442, 20.0, 0.018, 0.028
2, -16.442, 16.442, 18.9, 0.122, 0.128
1, -16.118, 16.118, 20.6, 0.017, 0.026
2, -16.118, 16.118, 18.1, 0.103, 0.107
1, -15.974, 15.974, 29.1, 0.015, 0.023
2, -15.974, 15.974, 23.7, 0.086, 0.090
1, -16.627, 16.627, 24.4, 0.023, 0.042
2, -16.627, 16.627, 22.8, 0.139, 0.146
1, -16.284, 16.284, 25.3, 0.022, 0.038
2, -16.284, 16.284, 19.1, 0.116, 0.121
1, -16.217, 16.217, 31.6, 0.020, 0.034
2, -16.217, 16.217, 21.6, 0.097, 0.101
1, -16.076, 16.076, 18.2, 0.019, 0.020
2, -16.076, 16.076, 25.3, 0.185, 0.191
1, -15.768, 15.768, 17.2, 0.017, 0.018
2, -15.768, 15.768, 19.7, 0.155, 0.160
1, -15.524, 15.524, 23.7, 0.015, 0.016
2, -15.524, 15.524, 30.0, 0.130, 0.134
1, -16.191, 16.191, 21.0, 0.024, 0.031
2, -16.191, 16.191, 22.1, 0.199, 0.204
1, -15.917, 15.917, 20.6, 0.022, 0.029
2, -15.917, 15.917, 19.9, 0.167, 0.171
1, -15.690, 15.690, 28.5, 0.020, 0.025
2, -15.690, 15.690, 29.1, 0.140, 0.144
1, -16.331, 16.331, 25.0, 0.031, 0.045
2, -16.331, 16.331, 22.9, 0.216, 0.222
1, -16.060, 16.060, 24.7, 0.028, 0.042
2, -16.060, 16.060, 20.8, 0.181, 0.186
1, -15.892, 15.892, 34.5, 0.025, 0.037
2, -15.892, 15.892, 29.5, 0.152, 0.156
1, -15.948, 15.948, 19.4, 0.025, 0.023
2, -15.948, 15.948, 27.8, 0.292, 0.297
1, -15.666, 15.666, 18.6, 0.023, 0.021
2, -15.666, 15.666, 23.3, 0.245, 0.250
1, -15.414, 15.414, 17.3, 0.020, 0.018
2, -15.414, 15.414, 26.2, 0.203, 0.207
1, -16.051, 16.051, 23.4, 0.032, 0.035
2, -16.051, 16.051, 27.4, 0.307, 0.312
1, -15.781, 15.781, 21.9, 0.030, 0.032
2, -15.781, 15.781, 23.3, 0.258, 0.263
1, -15.561, 15.561, 19.5, 0.026, 0.028
2, -15.561, 15.561, 23.7, 0.215, 0.219
1, -16.149, 16.149, 26.4, 0.040, 0.050
2, -16.149, 16.149, 27.3, 0.325, 0.331
1, -15.907, 15.907, 25.0, 0.037, 0.046
2, -15.907, 15.907, 23.4, 0.274, 0.279
1, -15.711, 15.711, 24.3, 0.033, 0.041
2, -15.711, 15.711, 24.8, 0.229, 0.233
