0.35000000000000003,0.25,0.25,14.0,1.5,0.30000000000000004
0.35750000000000004,0.25,0.25,14.0,1.5,0.30000000000000004
0.35000000000000003,0.25750000000000006,0.25,14.0,1.5,0.30000000000000004
0.35000000000000003,0.25,0.255,14.0,1.5,0.30000000000000004
0.35000000000000003,0.25,0.25,14.0015,1.5,0.30000000000000004
0.35000000000000003,0.25,0.25,14.0,1.5150000000000001,0.30000000000000004
0.35000000000000003,0.25,0.25,14.0,1.5,0.30500000000000005
0.3425,0.25250000000000006,0.25166666666666665,14.0005,1.505,0.3016666666666667
0.33499999999999996,0.25375000000000003,0.25249999999999995,14.00075,1.5074999999999998,0.3025
0.345,0.24375000000000002,0.25249999999999995,14.00075,1.5074999999999998,0.3025
0.3433333333333333,0.2491666666666667,0.24666666666666665,14.001,1.51,0.30333333333333334
0.34111111111111114,0.24888888888888894,0.25055555555555553,14.001333333333333,1.5133333333333332,0.2977777777777778
0.33814814814814814,0.24851851851851853,0.2507407407407407,13.999777777777778,1.5177777777777777,0.30203703703703705
0.3322222222222222,0.24777777777777776,0.25111111111111106,13.998916666666666,1.5266666666666666,0.3030555555555555
0.3322222222222222,0.24777777777777776,0.25111111111111106,14.000916666666667,1.5266666666666668,0.3030555555555555
0.32333333333333325,0.24666666666666665,0.25166666666666665,14.001375,1.54,0.30458333333333326
0.32333333333333325,0.24666666666666667,0.2516666666666667,14.001375,1.52,0.30458333333333326
0.3433333333333333,0.2491666666666667,0.2504166666666667,14.00034375,1.5162499999999999,0.30114583333333333
0.32999999999999996,0.2475,0.25125,14.00103125,1.51875,0.30343749999999997
0.32333333333333336,0.25416666666666665,0.24875000000000003,14.00071875,1.53125,0.3023958333333333
0.3183333333333333,0.2504166666666666,0.2552777777777778,14.000375,1.5358333333333336,0.30124999999999996
0.3058333333333333,0.25104166666666666,0.2595833333333334,14.0000625,1.54875,0.30020833333333324
0.3129629629629629,0.2512037037037036,0.25296296296296295,13.999722222222223,1.54,0.3079629629629629
0.3340740740740741,0.2494675925925926,0.2511574074074074,14.000930555555556,1.52,0.3003240740740741
0.3187654320987654,0.2449151234567901,0.25057098765432095,14.00036574074074,1.55,0.3025154320987653
0.3309413580246914,0.2515412808641975,0.25201774691358025,14.000653935185186,1.518125,0.3025038580246913
0.31864711934156376,0.2498887602880658,0.2522003600823045,14.000092978395061,1.5368750000000002,0.305417952674897
0.33021733539094644,0.2495728845164609,0.2514181455761317,14.000721161265432,1.52421875,0.3015975437242798
0.3215384945130315,0.24715893990054866,0.2511401534636488,14.000392007458847,1.5407812500000002,0.3029360639574759
0.3168370627572015,0.24496776941872422,0.2507013567386831,14.000261043595678,1.5521093750000001,0.3031521669238682
0.31669638774577047,0.25071616369455874,0.25205647005029724,14.002621056241427,1.5369444444444444,0.3023445358939185
0.30893347050754455,0.2521853566529493,0.2525291495198903,14.004473251028807,1.5420833333333335,0.3019890260631001
0.3141942920286541,0.24930215001524156,0.2519622104099985,14.001449859967993,1.5436342592592593,0.3040515451150739
0.3262115745503734,0.24950520089115605,0.2515541617845984,14.000903335941072,1.529072627314815,0.3022110440719783
0.3131488189363918,0.25204343482875446,0.25223174324766295,14.001097133213783,1.5525438850308644,0.30180277019667984
0.32578720473409795,0.24863585870718863,0.25149543581191575,14.001047720803445,1.5271984712577162,0.30302881754916994
0.3167957877805932,0.24974845320960923,0.251908006138837,14.001273175560168,1.5415965390303499,0.3033018172837654
0.31914973447303824,0.24968764012999595,0.25181954505027737,14.001180715655394,1.5384655611014662,0.3030291239808186
0.319117441129401,0.2489375517975537,0.25159831175697306,14.001506531850136,1.5388628472222223,0.30264029992569724
0.31751486053955186,0.25056641518061273,0.25366712391403756,14.001498028120713,1.536388888888889,0.30179726794695927
0.32001486053955186,0.2486914151806127,0.25186156835848195,14.001998028120713,1.5384722222222225,0.3034639346136259
0.3200148605395519,0.2524414151806127,0.2504032350251486,14.001669903120714,1.5340972222222222,0.3023701846136259
0.3212417962399342,0.2496760112008737,0.2517759529311065,14.001834388522436,1.5320714578510803,0.30268667672154426
0.3214539811480719,0.25011068229285743,0.2518053159174478,14.00176219609125,1.5330085358796297,0.3022777899829484
0.3167460877631818,0.250232308452084,0.25198223809456716,14.001947115900798,1.5392704917373972,0.30282317658884195
0.32027700780184937,0.25014108883266406,0.25184954646172764,14.001808426043636,1.5345740248440716,0.3024141366344218
0.3166366765252913,0.25082200542133115,0.2520361322577822,14.00186626931001,1.5410417587636103,0.30232344315453863
0.3200905163112735,0.24996250975598808,0.2518409977627754,14.00184235871933,1.5343140330792129,0.30259586832979285
0.3178888308162474,0.24723029963338394,0.2538881044096157,14.002088239911272,1.539088264678132,0.30271516316784586
0.3168258159545952,0.24462474185976954,0.2556305391018492,14.002297408306552,1.541583785906087,0.30288765244495586
0.31683062455874933,0.24856036291490588,0.2531213122889993,14.00204298827756,1.540116208667636,0.30277155332485806
0.3151074329371992,0.24776999995602678,0.2537571952026352,14.002160269394523,1.5428873005794184,0.30295026167007616
0.31593048546515046,0.24827155971122117,0.2535566324966928,14.002075932121278,1.5423102589619693,0.30264838329450877
0.3190505085997427,0.24953977224479634,0.2522699064462548,14.001900752069817,1.536313089549902,0.30260899707097183
0.31568469059026905,0.24982543997465773,0.2536721745969106,14.001887837369596,1.5374323589281862,0.301495337829791
0.31351960561562764,0.2503924523716803,0.25457747771612493,14.001832741994036,1.5369124272811683,0.3005110394378736
0.315527103193587,0.24907230548709455,0.253731259226023,14.001980808520418,1.5399645813932683,0.30197905562538485
0.3181696572482038,0.2494229055553709,0.2526352446411968,14.001920766182467,1.5372259625107436,0.30245151170957507
0.3172810168233285,0.24766449267619758,0.25199008200062667,14.002524445156773,1.5401678065948994,0.3030088660036027
0.317456399610496,0.24984093455450893,0.25324786343568484,14.001754632379729,1.5373336183153916,0.3021001674611201
0.3151247557271777,0.24959448364490835,0.2546087447172618,14.00259864160388,1.5371841052926223,0.3019857898700057
0.3131284130260661,0.24992294956858568,0.25611396119740615,14.003144696480751,1.5363447343278223,0.3016585348421599
0.3150575724346995,0.24916632258360363,0.2542296451917263,14.002410365745353,1.5388070375980607,0.302019337472938
0.31739163604482773,0.24935875981242908,0.2530338447788292,14.00204316607319,1.5376212312825728,0.3023434681504158
0.3157492422171846,0.24858756867043896,0.25354568684495316,14.002672677445913,1.538795252782473,0.3024517819511582
0.31702961026216814,0.24952759308349146,0.25332231928800186,14.001984143646274,1.537699026932162,0.30218807108362966
0.31569333052196635,0.2491260211695396,0.25385586367153296,14.002364469610148,1.5385335716984883,0.30215668223960046
0.31696705966411237,0.2493005751517067,0.2532393495020051,14.002123491957429,1.5378493163865516,0.30229677167271196
0.3160345061052739,0.248881515254549,0.253539732567028,14.002469941474114,1.5385058725336958,0.3023483128360807
0.3155369540268268,0.24855847634007774,0.25364843920654107,14.002712840388034,1.5389092953344625,0.3024284337123062
0.3161471014081728,0.24708139516347846,0.25530000264364294,14.001782657289857,1.5397809310511636,0.30219310700651253
0.316559066161371,0.24980747156178867,0.2528673531986337,14.002411456503534,1.5376535660961244,0.30230667867206706
0.31557963091622576,0.24923799944972866,0.2540742386421449,14.002534291538996,1.537844988913159,0.30216705135304317
0.31585959834777144,0.24935347761460336,0.2536059535819693,14.002178889421854,1.537969115730941,0.3019218253329359
0.3164325653320116,0.24872093908472742,0.2533305224280137,14.002256464875837,1.539311040600666,0.30255993308046936
0.3169616684607607,0.24805590744396647,0.2537139184883218,14.002279090692692,1.5387970686059138,0.3025317380019633
0.31650078288469313,0.24909104520312783,0.25338954103451655,14.00229671671577,1.5381775944601237,0.3023225422543963
0.31636544692552215,0.24979883947455386,0.25279810130866265,14.00254549885777,1.53772515848907,0.3023464243649996
0.3160013125480708,0.2494186557287823,0.2537099727795341,14.002511678024563,1.5370288923103017,0.3019860316340036
0.31594705282874314,0.24821402742369864,0.2545463510558423,14.00221137043156,1.5383826856956415,0.30207940943914136
0.3162608484013274,0.24940263646184008,0.2532351637454575,14.002461966751218,1.537889540290713,0.30227967063353506
0.31580706851074986,0.24905975735213884,0.2538069856045864,14.002502116506555,1.5381754307234272,0.30225768209456194
0.3159470522265227,0.24911749643457617,0.2535728430744987,14.002324415447983,1.5382374941323183,0.30213506908450827
0.31601790932667234,0.24915008549166565,0.25362485267328105,14.002490809749338,1.5377673824219986,0.30216717223504214
0.3164980872830173,0.24846871134925771,0.2536268255276749,14.002374516083403,1.5386514705698047,0.302440025419022
0.3162676444949835,0.24898628022883842,0.25346463680077225,14.002383329094942,1.5383417334969096,0.3023354275452385
0.31619997651539805,0.24934017736455144,0.2531689169378453,14.002507720165942,1.5381155155113828,0.3023473686005402
0.31623353571864277,0.24880122716963823,0.25343512749752084,14.002363203174976,1.538908456567181,0.30245412295827506
0.31607181592466493,0.24906287091115878,0.253577421379341,14.002458908105748,1.5380526509582944,0.3022389099158504
0.316008748333006,0.24851869981228825,0.25402723138012173,14.00233002207164,1.5385393686267672,0.3022377736978804
0.3161521694698,0.24913480797648563,0.25338349554841444,14.002463295642366,1.5382214787902289,0.30231996987487525
0.3159207873080119,0.2489706363033439,0.25367335908580724,14.002486028990335,1.5383406516285614,0.3023029974653213
0.3159907791658983,0.24899950584456257,0.25355628782076334,14.002397178461049,1.538371683333007,0.3022416909602945
0.31605316101496944,0.2489721930828539,0.2535585769731845,14.002464424789931,1.5382792617459948,0.30229361137596555
0.31626629669414563,0.24867511330190334,0.25358327904735145,14.002422228778759,1.5385786715517502,0.30239416912755135
0.3161510753001287,0.2489338977416937,0.2535021846839001,14.002426635284527,1.5384238030153026,0.3023418701906596
0.316117241310336,0.2491108463095502,0.25335432475243663,14.002488830820027,1.5383106940225393,0.30234784071831045
0.31602162721913996,0.24870010753341862,0.25378348197357486,14.002399981772877,1.5385226205802314,0.30229304326698053
0.316093337787537,0.24900816161551728,0.2534616140577212,14.00246661855824,1.5383636756619623,0.3023341413554779
0.3159685473918166,0.24890181072588294,0.25362209850005174,14.00247550506628,1.5383894691363544,0.30229643751623747
0.3161054433230507,0.24892587598774102,0.253532163137938,14.002438852729966,1.5384152195455656,0.3023305120220541
0.31579970820743475,0.2492441827276192,0.2535239655001293,14.00248545288912,1.5381801165978455,0.30222291954418
0.3158747905873427,0.24898980811803922,0.2536664143038956,14.00244734121993,1.5383339261329276,0.30224587337915415
0.31576551698724553,0.24898063136930018,0.25376881442698274,14.002437702550777,1.5383190513684104,0.30220173939099226
0.31578580080659296,0.24909340445591494,0.25364061561233125,14.00247793654486,1.5382552844451118,0.3022212898316113
0.31602553269393624,0.2489677581047845,0.25355927625653635,14.002448623683689,1.538375235770452,0.30230320647444336
0.31582887367432977,0.2490456090347789,0.2536144348715354,14.002447097449481,1.5384232335861683,0.3022613888438591
0.3159970891798095,0.24899054707083515,0.2535725414477722,14.002460092954818,1.5383152547060384,0.3022855557429389
0.31595464834630826,0.2489356616862941,0.2536030734354618,14.002458641347022,1.5384198993333116,0.30229709310761743
0.3158372493973887,0.2491169954228292,0.2535951899020124,14.002466397054524,1.5382570213653866,0.30223439646166705
0.3158977889476773,0.24898022221069155,0.2536698866948514,14.002466685105132,1.5383372888807445,0.30227443542223775
0.31593278487662046,0.24899465698130088,0.25361135106232946,14.00242225984049,1.5383528047329673,0.3022437821697243
0.3159501616406395,0.24897878311141183,0.25361284528021594,14.00244798245181,1.5383545809516899,0.30227453992679876
0.31596397580115604,0.24898100060044656,0.25361249563854005,14.00245588300493,1.5383065939394613,0.3022697423775598
0.31586426873729995,0.24907816046194564,0.25365298752515314,14.00244354154525,1.5382275060010808,0.3022171634714299
0.31588686363955204,0.24904253576803276,0.2536405090027303,14.002447316495694,1.5382756043341386,0.3022371458804768
0.31582923722858414,0.24905333327032195,0.25365290311013833,14.002443444384264,1.5383304815264902,0.3022336487024597
0.3159302911580131,0.2489990837679154,0.2536225975064396,14.002452773349765,1.5383125658362187,0.3022607189587848
0.31583642789489197,0.24906231764485787,0.25365580421053696,14.002452941903368,1.5382684894757712,0.3022242441638828
0.31582501062314466,0.2490630949473351,0.2536571208856791,14.00244820718995,1.5382958124710933,0.30222590686692946
0.3157723703557105,0.24909510053704498,0.2536743825752989,14.002445924110043,1.5382874357885308,0.30220850082100176
0.31584782046946985,0.2490264960069852,0.2536447466837046,14.002453960942105,1.538339510018825,0.3022457336073884
0.3158771028470315,0.2490385258277709,0.25364156842297386,14.002448977607296,1.5382915807553101,0.3022392928122047
0.31578333855587176,0.2490889977425404,0.25368397707765367,14.002487923519578,1.538241901627444,0.30223760086563434
0.3158954232964333,0.24901824217161078,0.2536295075661605,14.002438675760262,1.5383250789565865,0.30224223684370183
0.31584512740192805,0.24903836767735035,0.2536497394314048,14.00245777180376,1.5383142916721932,0.3022430715669863
0.31586910898575565,0.24903848629016576,0.2536436111750816,14.002451176156413,1.5382972584845311,0.3022402375009001
0.3158180355156337,0.2490653993730288,0.25366650149119185,14.002472240449512,1.5382715199802317,0.30223946108788863
0.3157890853870418,0.24913181172139376,0.25362499396128113,14.0024460828861,1.538237387089236,0.302195604397903
0.3157347336067241,0.24920760647674486,0.253602547594496,14.002435781776583,1.5381874361934817,0.3021561888857356
0.31579109081605883,0.24910465611899554,0.25364506374311746,14.002459894078049,1.5382574603536845,0.30221492461824156
0.31584960444333143,0.2490550287473732,0.25364397431709057,14.002453355636822,1.5382873089518194,0.30223390928023547
0.3158270687530734,0.2490054914278468,0.2537097464878793,14.002440326040702,1.5383077933349734,0.30222060326366407
0.3158347042363099,0.2490891194240836,0.25362382904847913,14.00245987930107,1.5382697143577833,0.30223094816216634
0.3158097469714568,0.24907882166220627,0.25365424698326405,14.002455542013156,1.538271640883862,0.3022201034057393
0.31578981823551944,0.24909071811962277,0.25365938331635074,14.002456635201321,1.538263806849883,0.3022132004684912
0.315816328090194,0.24904129839820338,0.2536845315634704,14.002447572586268,1.5382898776532574,0.30221944960499947
0.31580714001713606,0.24901738788526329,0.253714882820966,14.00244141922887,1.5382999593009945,0.30221370032641603
0.3158048418056933,0.24905312359089762,0.2536722492715556,14.00245066909247,1.5383015924770105,0.302222638990794
0.31574316285269277,0.24914673827533573,0.2536635841674171,14.002457379066755,1.5382253779345483,0.30219326497940263
0.3157749603700881,0.2490982599877818,0.2536625245388625,14.002427526042922,1.5382724034053497,0.30218427856783947
0.3158072667292473,0.24907361452671706,0.25366550725310955,14.002461061847864,1.5382717408365112,0.3022256654578763
0.3157751514349144,0.2490820630802995,0.25368923349419154,14.002449399147812,1.5382626686177714,0.3022034826529093
0.31580599091141465,0.24903525573808047,0.2536935660462608,14.002446044160669,1.5383007758890024,0.30221816965860504
0.31580844349429643,0.24904810477373476,0.253684564902115,14.002448480621013,1.5382858000924282,0.30221690186607764
0.3157981127020889,0.24907459980332852,0.25366993839112356,14.002443751057484,1.5382686731951152,0.3022046523621595
0.31581607532014033,0.2490402414162992,0.2536860018533226,14.00244481320941,1.5382978858860439,0.3022198035966727
0.3158125877663849,0.24904139362914604,0.2536906921560789,14.00245682983919,1.538285739640613,0.3022265807071523
0.31579657588973,0.24904887574373757,0.25369687335186614,14.0024456049268,1.538286100750752,0.3022118945685606
0.3158370094340505,0.24900385499165217,0.2536947513790144,14.002443421659663,1.5383170429364024,0.3022281177536127
0.31580306358679466,0.2490335478474368,0.25370089952844743,14.002447543748149,1.5382882113515828,0.30221456819549597
0.315812172220647,0.24903796422877436,0.25369577982957137,14.002446812659382,1.5382811331694841,0.3022150016458607
0.31582473693615876,0.24898640830534158,0.25372802129752453,14.002450126296532,1.538317389188161,0.3022319687035399
0.3158180808776413,0.2490084561798383,0.25371350057092434,14.00244853248677,1.5383052101898995,0.3022251396181948
0.31580476876060637,0.2490525519288318,0.2536844591177238,14.002445344867246,1.5382808521933766,0.3022114814475046
0.31581475284838256,0.2490194801170867,0.2537062402076242,14.002447735581889,1.5382991206907688,0.30222172507552225
0.3157784213423078,0.24906236149216276,0.2537070379191702,14.00245189366843,1.5382630453649961,0.3022063724193899
0.3157491272964365,0.24909161474241806,0.2537131811892481,14.002456129672815,1.538236046579293,0.3021954997522785
0.31578168951999075,0.24904156322575957,0.2537185934864955,14.002438252100111,1.5382777843070121,0.30219754914755903
0.3157719441655098,0.249046192291793,0.25372111036531114,14.002445415760162,1.5382812744906502,0.3022033107094168
0.3158021152068627,0.249040021244529,0.25370211246350627,14.002446463434577,1.5382811684997757,0.3022120789117497
0.315765150990601,0.24907152344596148,0.25370927407255234,14.00244406878855,1.5382573029057012,0.30219337189183104
0.3157403500617102,0.24909754511039886,0.25371079100501637,14.00244223539188,1.5382363940131671,0.3021791952999854
0.3157654672267003,0.24906148305232992,0.25371578901968556,14.00244454272052,1.5382672998986695,0.30219678238229736
0.315747143236619,0.2490722139562304,0.25372262729777517,14.002443582363492,1.5382603655981164,0.3021891341175712
0.3157606369894898,0.2490568309893188,0.25372733335393216,14.002445047159538,1.5382561006969988,0.30219192933006533
0.3157426675393697,0.2490608086121094,0.2537425633549652,14.002444768275907,1.538241100670122,0.3021819467108177
0.31573401727661676,0.24908124580717705,0.2537371951195234,14.002442183180776,1.5382382865356812,0.30217838187490387
0.3157858020092502,0.24904547233737187,0.2537099734262165,14.002446203606306,1.5382757301476073,0.30220552161534797
0.31572282817698016,0.24910676725338682,0.2537215753620884,14.002449902492534,1.5382184622018074,0.30217652350696117
0.3157231749074426,0.24909911443994984,0.25373035206879524,14.002446351077174,1.5382236020399276,0.30217503618190034
0.3157701452337983,0.2490588828630164,0.2537150680868612,14.002446240474022,1.5382626981206875,0.30219790025698606
0.3157234393013046,0.24910879676398115,0.2537205568753047,14.002456965374673,1.538216519151748,0.3021831256861649
0.31576712696531917,0.24905837161031497,0.25371908433369783,14.002442930418752,1.538262468018196,0.3021939432822105
0.31576200141448635,0.24904766420328822,0.25372793688736867,14.002434688050615,1.538267064025768,0.30218465625808943
0.31575234582594897,0.24908062710763562,0.25371687011377825,14.002450769267265,1.5382438009409118,0.30219278887873124
0.31574170933210455,0.24907079005363625,0.2537343760178064,14.002448982427783,1.5382413070444303,0.302186589780837
0.31572723645500933,0.2490873997001213,0.25373501798047937,14.002447724726899,1.5382287814706914,0.3021782912569656
0.31570578206561484,0.24910165811867377,0.25374499292728847,14.002448466853336,1.5382118231456936,0.3021684867569554
0.3157098064235869,0.24910233978894228,0.2537396379315063,14.002452880260364,1.5382121299490155,0.30217376272332275
0.3157527968298861,0.2490693636549718,0.25372422273314993,14.002445417879155,1.5382498835009009,0.30218889814248856
0.3157247378976029,0.24907632980740035,0.2537443030245497,14.002443257615814,1.538232824546296,0.3021736202147211
0.31569804005381913,0.24910042278106287,0.2537548887869305,14.002449055794324,1.538197833804414,0.3021619059886296
0.31574861043347996,0.24907121798451315,0.2537255639614968,14.00244567098897,1.5382499333751056,0.3021880632838804
0.3157093149851646,0.2490931602882681,0.25374690214958173,14.002448265005627,1.5382152668269173,0.3021695119422357
0.3156875740628038,0.24910505860491627,0.2537582418577977,14.002449688568865,1.5381979584899257,0.30215981884210924
0.31570040289879886,0.2490986200599784,0.25375267365059656,14.00244887656803,1.5382036614366499,0.3021641630202956
0.31567629913145834,0.249112321097711,0.2537662284951464,14.00245047935756,1.5381805254674221,0.3021522128885032
0.3157106754734581,0.24906492207254613,0.2537715466276909,14.00244483735281,1.5382224870318197,0.30216759925772885
0.3156814496987849,0.24909894327859997,0.2537711361752677,14.002444375725903,1.53819336885166,0.3021512028094836
0.31565131988212514,0.24911301989108187,0.25378951625399837,14.002442072374961,1.538169399755275,0.3021335093238069
0.31565004227243826,0.24912632847978436,0.25377859980445333,14.002447691244129,1.5381696749210194,0.3021397000838326
0.3156430733724835,0.24912747350862138,0.2537882923948367,14.002450679780326,1.538156901169753,0.3021367198696331
0.315704321766323,0.24908911573270562,0.25375530036712146,14.002445113156943,1.5382138437021604,0.3021643951284491
0.31565068107728167,0.24911967418543313,0.2537840580292259,14.002444881809545,1.5381695373381472,0.30213660470381976
0.31566380950679174,0.24911267049439642,0.2537778723745724,14.00244627586626,1.5381749626113486,0.302142861106155
0.3156809976777916,0.249088970981814,0.25378053144084467,14.002443454863885,1.5381959433935473,0.30215055429076787
0.31568031743364483,0.249103090089675,0.25376820920179005,14.002445168690295,1.5381923332910963,0.30215151063302126
0.31567855097387,0.2491073390048778,0.2537672545906434,14.00244526961415,1.5381906114504842,0.30215099804038115
0.315688028889864,0.2490946748492411,0.25376690963927406,14.002442664995389,1.5382011121507855,0.30215356476926397
0.3156574785689299,0.24910902637927318,0.2537871715743961,14.002443037817768,1.5381748556087664,0.3021378534450436
0.3156489586218292,0.2491298306196205,0.2537770627131921,14.002444612628805,1.5381642162447215,0.3021345761720556
0.3156569683858198,0.24911961571016886,0.2537779298951053,14.002444323187575,1.5381721480319281,0.30213857070173367
0.31563157390840874,0.24913244037250268,0.2537943579333731,14.002445955228032,1.5381493927811978,0.3021265676710494
0.31560334641768106,0.24915132313413343,0.2538080820804227,14.002447600344354,1.5381235330964038,0.3021130691219421
0.31561598363900645,0.2491344375932845,0.2538076221452635,14.00244412751934,1.5381375340301386,0.3021164914271192
0.3156629091401541,0.24911411365197947,0.25377734647929845,14.002444984090447,1.538177342095398,0.3021423713870657
0.3156273331499031,0.24913217151260766,0.25379879916721054,14.002444836359658,1.5381464664258395,0.30212328922287446
0.31562701374748137,0.2491354986597833,0.2537960700548243,14.00244624107695,1.5381465352172754,0.30212483691288095
0.3156304124933055,0.2491301747567033,0.2537976268274094,14.00244531908106,1.5381491943525851,0.3021254612834928
0.31563015740175043,0.24913546942215115,0.253793005987764,14.002445961765964,1.538147840564166,0.30212581991183785
0.3156335779622364,0.24913199681426493,0.25379297722749755,14.002446938105306,1.538149247853876,0.30212796511404855
0.3156409486957755,0.24912933106950563,0.25378766833553307,14.002446434979252,1.5381570722734441,0.3021320335811616
0.31562781908950704,0.2491390931062396,0.25379301100393975,14.002447995424639,1.5381446746934107,0.3021264394189135
0.3156098270082118,0.2491451875615863,0.2538059227250862,14.002446916953506,1.5381299363191283,0.302115830339877
0.3156331682738846,0.2491332951925258,0.25379223193292133,14.002446555472815,1.5381502882848652,0.30212798277084046
0.3156176074301027,0.24914122343856612,0.2538013591276979,14.002446796459942,1.5381367203077072,0.30211988115019817
0.31561187423103965,0.24914559735826072,0.25380340779985516,14.002446366612329,1.538133584889973,0.3021172041523732
0.31561231815094654,0.24914066915029306,0.2538068396220514,14.002444766355563,1.538134461449293,0.30211565142532826
0.3156239438548669,0.24913948711725298,0.2537964681584677,14.002447188157369,1.5381421213823814,0.3021237424205172
0.3156079086564086,0.24914563206608212,0.25380799869512843,14.00244720881137,1.5381293891846095,0.30211557843529696
0.31562459521541497,0.2491380100831339,0.2537967541646051,14.002446273527315,1.5381432277192768,0.30212325954270264
0.3156057144722234,0.24915353850700683,0.25380308696788156,14.002448169645026,1.538126046518421,0.30211520315004525
0.3156020134596282,0.24915422788633468,0.2538069827114857,14.002447890505163,1.5381218760874455,0.3021126162663786
0.3155977732204964,0.24915515301855895,0.25381008945884836,14.002447177540674,1.5381195414906945,0.3021100020406961
0.31558468790331123,0.24916298596921196,0.2538169001090387,14.002447172232326,1.5381082515448514,0.3021031318507856
0.3155881811949755,0.24916234436448637,0.253814248550792,14.002448393508514,1.5381105397442716,0.30210606575117516
0.3155699741847558,0.24917451150516257,0.25382299574388545,14.002449453499112,1.538094195756769,0.3020974688554114
0.3155853602352454,0.24916617131769422,0.2538139400620639,14.00244840292541,1.5381083203013628,0.302104839010672
0.3155692366378167,0.24917864525725827,0.25382023052924696,14.002449206158143,1.5380941202981906,0.3020973179409088
0.31557688090323416,0.2491728133643321,0.2538174989663706,14.002449779288295,1.5380983008551692,0.3021008872713421
0.3155734294723873,0.24917129716802777,0.25382262379784054,14.002448512803355,1.5380965906723043,0.3020981163141024
0.31559764322226436,0.24915797817226207,0.2538079711753713,14.002448255434608,1.5381186825568918,0.3021109314410595
0.31557305877052544,0.24917572931079518,0.2538188647478088,14.002449492723219,1.53809621057668,0.3020991026061255
0.3155787089163961,0.2491704948108723,0.25381723954001945,14.002448799833328,1.538102330021231,0.30210169184604196
0.3155835049291566,0.24916689913790863,0.25381515999404763,14.002448191849409,1.5381068308944426,0.30210365999080246
0.3155862915277489,0.24916498419569585,0.25381415630483484,14.002448403251249,1.538108826697297,0.30210519353142545
0.31558562504872245,0.24916643657179646,0.25381360662036634,14.002448548331653,1.538107998192818,0.3021049671036437
0.3155874755550201,0.24916609188213254,0.25381165874856426,14.002448687901584,1.5381100834083057,0.302106260545477
0.3155830219066006,0.24916910064099002,0.2538139861082701,14.002448710238424,1.5381056933346802,0.3021038087267523
0.31557434942153173,0.24917598340459787,0.25381701261126655,14.002449209149562,1.5380981522044084,0.30209984543981117
0.3155833060011946,0.24916773399792136,0.25381487038144274,14.002448604725828,1.5381061580740751,0.3021038565085219
0.315577334948086,0.24917323360237237,0.2538162985346586,14.002449007674985,1.5381008208276306,0.3021011824627147
0.31558181323791745,0.2491691088990341,0.2538152274197467,14.002448705463117,1.538104823762464,0.3021031879970701
0.3155711477041711,0.2491771872840267,0.2538195476385279,14.002449349440681,1.538095165437435,0.30209821027351713
0.31557637078348666,0.24917277219758344,0.2538176952616473,14.002448699003777,1.5381004755963166,0.3021004889658556
0.3155761292722086,0.24917387294912413,0.25381710831875853,14.002448958198285,1.5380999068164354,0.30210056333383056
0.3155774308432696,0.24917254091452737,0.25381691857480665,14.002448877244898,1.5381010592455042,0.30210114252227627
0.3155783560964184,0.2491723685696954,0.2538159446389056,14.002448947029864,1.5381021018532481,0.3021017892431929
0.31557627131950566,0.2491731896275898,0.2538175504553448,14.002448905441986,1.5381001391861329,0.30210058722471533
0.31558011728006413,0.24917060922123274,0.2538156016210421,14.002448514918303,1.5381041022278408,0.302102419470076
0.3155778748860909,0.24917225373693122,0.2538165881254135,14.002448723548897,1.5381018680302394,0.3021013671709363
0.3155728037106517,0.24917570872742084,0.25381896289544714,14.00244895258096,1.5380972979472536,0.30209890345338225
0.3155727539786612,0.24917591744242404,0.2538188904922959,14.002449055800065,1.5380971297421615,0.3020989525828121
0.3155726829550127,0.2491762591031912,0.2538186694240027,14.002449082178213,1.5380970135573129,0.3020989406373697
0.31557333374054314,0.24917559308589282,0.2538185745520268,14.00244904170152,1.5380975897718474,0.3020992302315926
0.3155737963671176,0.24917550691347684,0.25381808758407626,14.002449076594004,1.5380981110757195,0.3020995535920509
0.3155701921709939,0.24917791627064248,0.2538198890838874,14.002449277799412,1.5380946428678128,0.302097764107213
0.31557119490606333,0.2491775706302077,0.2538191509930649,14.002449294162826,1.5380955711570947,0.3020983495772668
0.3155693350959128,0.24917846034972865,0.2538203807740986,14.002449242672723,1.5380939113890872,0.30209729810033675
0.31556923785678637,0.2491788974565497,0.2538200746264799,14.00244932575755,1.538093819938287,0.3020973476154171
0.31556816051435943,0.24917943524690203,0.2538207640955988,14.002449380572513,1.5380928715834603,0.302096828553542
0.3155658992940328,0.24918102331875744,0.2538218114313968,14.002449529769661,1.538090800596534,0.30209577251162806
0.31556922033939117,0.24917881376215567,0.2538201852182172,14.002449268941396,1.5380939615158675,0.30209734121850373
0.3155687344235898,0.24917926250791225,0.2538203332853821,14.002449264512387,1.5380936208398948,0.30209712977414904
0.31556470763612454,0.24918221050565964,0.253822036638808,14.002449580785912,1.538089805193173,0.3020952454230945
0.3155711772144385,0.24917724744083453,0.2538194400737221,14.002449176472618,1.5380956436271789,0.30209823402946806
0.315567559816712,0.24917991854045657,0.253820998324807,14.002449399355529,1.5380923810562008,0.30209655686506587
0.31556922848860397,0.24917872950970696,0.25382020787373205,14.00244923754977,1.538094040907029,0.30209732957970625
0.315569277717652,0.24917863705594218,0.2538202829961579,14.00244925580706,1.5380939364524773,0.3020973196594202
0.31556922909808877,0.24917885560935268,0.25382012992234854,14.002449297349472,1.5380938907270774,0.3020973444169604
0.31557020762272725,0.24917819219618167,0.25381966810564105,14.002449281552112,1.538094766336481,0.30209784539788526
0.3155712770399672,0.24917720342402425,0.253819379885122,14.00244915532146,1.5380957756438574,0.30209828572504815
0.3155683898774111,0.24917919377103112,0.2538207266344872,14.002449256556117,1.5380932290976888,0.302096880423683
0.31556908947447004,0.24917881121128055,0.25382035978664785,14.002449306893908,1.5380936839240273,0.3020972465231875
0.31556912422800354,0.24917879078588714,0.25382032180841896,14.002449289557873,1.5380937731697777,0.3020972672873172
0.3155712796167926,0.2491772462623411,0.25381934383011023,14.00244910848893,1.5380958078127147,0.302098256045245
0.31557034966677244,0.24917791433186998,0.25381975745378443,14.00244918120558,1.5380949511235862,0.30209783125020023
0.31556880510840113,0.2491790037665934,0.2538204559263522,14.002449262748756,1.538093595306778,0.30209711082109336
0.31556917228369735,0.2491788022740214,0.25382025351331805,14.002449279249634,1.5380938673428226,0.3020973042529105
0.31556924902852157,0.24917872540904892,0.25382023410718757,14.002449262374228,1.5380939489841725,0.302097330438962
0.31556922471873994,0.24917883468575416,0.25382015757028287,14.002449283145435,1.5380939261214723,0.30209734281773204
0.3155702486896792,0.24917800859308994,0.2538197825516696,14.002449212131427,1.5380948685798626,0.30209781347177594
0.31556839007805154,0.24917936615130612,0.2538205917715121,14.002449334148462,1.5380931712860342,0.3020969490417848
0.3155702499780919,0.24917803001224836,0.25381976452416377,14.002449188715163,1.538094884664291,0.30209779863187436
0.3155697850030818,0.2491783640470128,0.2538199713360008,14.002449225073487,1.5380944563197267,0.30209758623435196
0.3155701615793026,0.24917817915710092,0.2538197388392065,14.002449247556445,1.5380947476478632,0.302097795323652
0.3155691442261265,0.24917879761422027,0.2538202766545658,14.002449258950678,1.5380938833920494,0.302097281946733
0.31556923468395637,0.24917876958560228,0.25382020966270236,14.00244926565781,1.53809395525002,0.3020973358287328
0.31556922252906555,0.24917882422395493,0.25382017139425006,14.002449276043414,1.5380939438186698,0.3020973420181179
0.3155695026712365,0.24917858890458425,0.253820078277109,14.002449247007442,1.5380942089177971,0.3020974637264278
0.3155691963115443,0.24917880801808853,0.25382021936576765,14.002449274095515,1.538093914429345,0.3020973227357071
0.3155697345145352,0.2491784111776228,0.2538199838849434,14.00244924053641,1.538094415047865,0.3020975773451398
0.31556901272389615,0.2491789087643745,0.2538203205722847,14.002449265845076,1.5380937784113229,0.3020972260197985
0.3155696909593469,0.2491784964596283,0.2538199620287118,14.002449258248921,1.5380943545818653,0.30209756827107787
0.31556895465031176,0.24917902247371518,0.25382029143064266,14.002449289461754,1.53809369778999,0.3020972139210492
0.3155695395484793,0.2491785640016459,0.2538200607713682,14.002449252767747,1.5380942357333962,0.30209748648911716
0.31556919878602474,0.2491788364457743,0.25382019120323007,14.002449284910826,1.5380939128585909,0.30209733512732434
0.31556942669993354,0.24917865078988174,0.2538201065086393,14.002449256483288,1.5380941349029955,0.302097431576652
0.3155689224114432,0.24917898033414806,0.25382035561160304,14.002449273080803,1.5380936939682326,0.30209718501786564
0.3155688681099654,0.2491790515696312,0.253820355149025,14.002449285332995,1.538093632228314,0.3020971663094092
0.31556937168885085,0.24917868589364223,0.25382013436578243,14.00244926090906,1.5380940848571256,0.30209740644419014
0.3155690713754172,0.24917889704815185,0.2538202704149101,14.0024492710111,1.53809382774205,0.3020972631181847
0.31556920832546775,0.24917881089012212,0.2538202022919924,14.002449271518456,1.5380939379726062,0.3020973319771054
0.31556922751167377,0.24917879167387896,0.2538201974404598,14.002449267299603,1.5380939583829436,0.3020973385236183
0.3155692214342284,0.2491788189930553,0.2538201783062336,14.002449272492406,1.5380939526672688,0.3020973416183108
0.3155693235196624,0.24917873227601872,0.25382014586342827,14.002449262712341,1.5380940482094316,0.3020973863975778
0.31556937994393525,0.24917868888190078,0.25382012299479273,14.002449260854572,1.5380940986246319,0.30209741385381045
0.3155692474676936,0.24917879560992254,0.2538201709227317,14.002449268543819,1.5380939838610084,0.3020973542042127
0.31556924247868867,0.24917879462591164,0.2538201775521637,14.002449268232766,1.5380939774914921,0.3020973502840641
0.31556904921368323,0.24917893364990434,0.2538202635541891,14.00244927744825,1.538093803241607,0.3020972576841051
0.31556929726137223,0.24917875007390167,0.25382015813464176,14.00244926500299,1.5380940247788757,0.3020973748113841
0.31556913189624625,0.24917887245790346,0.25382022841434,14.00244927329983,1.5380938770873631,0.3020972967265314
0.3155692559200907,0.24917878066990212,0.25382017570456633,14.002449267077202,1.5380939878559976,0.3020973552901709
0.31556908310476556,0.24917890638708087,0.25382025063259955,14.002449277045432,1.538093833538996,0.3020972747712021
0.31556926341593816,0.24917877580378425,0.25382017205572105,14.002449266295615,1.5380939945418226,0.3020973584909839
0.3155691432084898,0.24917886285931534,0.2538202244403067,14.00244927346216,1.5380938872066048,0.302097302677796
0.3155691131338036,0.2491788853896685,0.2538202370367083,14.002449274808892,1.5380938603426324,0.3020972883411506
0.31556922022351896,0.2491788068498437,0.25382019103760184,14.002449269010123,1.5380939559776563,0.3020973385529159
0.31556911915681574,0.249178875508303,0.25382023968425693,14.002449273912447,1.5380938635358592,0.30209728943687475
0.3155691061088051,0.24917886997957522,0.2538202593895281,14.002449270126155,1.5380938586496127,0.30209728070881603
0.31556919260287253,0.24917883173968527,0.25382019857705723,14.002449271900844,1.5380939291628546,0.3020973263909371
0.31556909811263245,0.2491788904194007,0.25382024917131174,14.00244927457201,1.538093846400958,0.30209727972021805
0.3155691896957973,0.24917882774223296,0.2538202055710293,14.002449270400595,1.5380939285834816,0.3020973238447414
0.3155691038007935,0.2491788919964926,0.25382023900993345,14.002449271691058,1.5380938612762995,0.30209728358524046
0.3155690899226957,0.24917889123253187,0.25382025620249404,14.002449271238742,1.5380938474571995,0.3020972749028432
0.3155691669328283,0.24917884661289694,0.25382021298341645,14.002449271735317,1.538093908736441,0.30209731351891367
0.31556916207009233,0.24917885287932415,0.25382021211407535,14.002449270316227,1.5380939113960836,0.3020973124018721
0.31556914585740414,0.24917885540515378,0.25382022781656366,14.002449269976248,1.5380938946289588,0.3020973021683442
0.31556916974810345,0.24917884463522932,0.2538202124512371,14.002449271426922,1.5380939125258632,0.30209731532768924
0.31556918177394044,0.2491788383107355,0.25382020482926193,14.002449271201778,1.5380939243612362,0.30209732194814987
0.3155692050175942,0.2491788207521943,0.25382019539462325,14.002449269670995,1.5380939450496744,0.3020973325316226
0.31556920647113185,0.24917882275092046,0.2538201918976372,14.002449270421119,1.5380939453393612,0.3020973338047204
0.3155691880606319,0.2491788317509237,0.25382020346818934,14.00244926904919,1.5380939324573668,0.3020973238694342
0.3155692061906451,0.24917882113166134,0.2538201928518649,14.002449268031471,1.538093950936574,0.3020973333371431
0.31556917131217127,0.24917884514118538,0.25382020906089264,14.002449269240888,1.5380939203750628,0.3020973164017167
0.3155691965912385,0.2491788268494421,0.2538201988111906,14.002449269563469,1.5380939388810217,0.3020973284991461
0.315569179738527,0.2491788390439376,0.2538202056443253,14.002449269348414,1.5380939265437157,0.3020973204341932
0.3155691609477654,0.24917884857346492,0.253820217140108,14.002449268133196,1.538093913820161,0.3020973106717764
0.31556919509029024,0.2491788292065566,0.2538201982082549,14.002449269849139,1.538093937459561,0.3020973280214844
0.31556915752813386,0.24917885288435584,0.25382021797134363,14.002449271128734,1.5380939037306105,0.3020973093674675
0.31556919402501726,0.24917882906983496,0.2538201991317346,14.002449268805787,1.5380939391350832,0.3020973273447242
0.31556918309839765,0.24917883458365472,0.25382020651739046,14.002449269458822,1.538093928072413,0.30209732169342396
0.31556919120474175,0.2491788333207399,0.25382019866614625,14.002449269628812,1.5380939364559756,0.3020973268101879
0.3155692000389591,0.24917882640304664,0.25382019543127127,14.002449269144906,1.5380939440297916,0.30209733082634843
0.31556920420001155,0.2491788227565397,0.25382019434320324,14.002449268995294,1.538093946986617,0.302097332543969
0.3155692077148407,0.24917882148435613,0.25382019171323605,14.002449269395267,1.5380939494877142,0.30209733461999405
0.31556921326501813,0.2491788174469085,0.25382018903504106,14.002449268486433,1.5380939562262208,0.3020973372778234
0.31556919633399905,0.24917882793999224,0.2538201980238538,14.002449268823286,1.5380939416079142,0.30209732883675805
0.31556918514014853,0.24917883547513445,0.25382020369831965,14.002449269844405,1.538093929996639,0.30209732336524026
0.31556918785186755,0.24917883440503488,0.2538202015085296,14.002449269618582,1.5380939335729165,0.30209732503951847
0.3155692001129755,0.24917882566866348,0.2538201961345348,14.002449269151116,1.538093943633192,0.3020973306678563
0.31556919193890354,0.2491788314929111,0.25382019971719805,14.00244926946276,1.5380939369263416,0.30209732691563107
0.31556919425284824,0.24917883040588856,0.2538201983923271,14.002449270003746,1.5380939373910951,0.3020973281063537
0.31556919581371135,0.24917882855646634,0.2538201981159721,14.0024492691184,1.5380939405537095,0.30209732865415695
0.31556919477313594,0.2491788297894145,0.2538201983002088,14.002449269708631,1.5380939384452998,0.3020973282889548
0.31556919503327974,0.24917882948117745,0.25382019825414964,14.002449269561074,1.5380939389724024,0.3020973283802554
0.3155692017188944,0.24917882417290518,0.2538201958678038,14.002449269200108,1.5380939447941402,0.30209733145596385
0.31556920273976985,0.24917882461864505,0.2538201944582684,14.0024492693929,1.5380939457562532,0.30209733229187197
0.31556920613914735,0.24917882262753338,0.2538201924677076,14.002449269202078,1.5380939492211045,0.3020973340670674
0.3155692057720665,0.24917882354144777,0.25382019194218175,14.002449269285103,1.5380939489859216,0.3020973340143458
0.31556921018917516,0.24917882008260114,0.25382019032474423,14.00244926904315,1.5380939527728295,0.30209733602242606
0.31556920807655126,0.249178821159311,0.2538201916670947,14.0024492690299,1.5380939510347884,0.30209733493633034
0.31556920755626355,0.24917882177578507,0.253820191759213,14.002449269325014,1.5380939499805837,0.3020973347537293
0.31556920996603954,0.2491788200236466,0.2538201907224352,14.002449269193812,1.5380939520474273,0.30209733585187953
0.31556921173111147,0.24917881793713179,0.2538201908413789,14.002449269080357,1.5380939533031124,0.3020973365171123
