0.4,0.1,0.15,15.2,1.32,0.24000000000000002
0.41000000000000003,0.1,0.15,15.2,1.32,0.24000000000000002
0.4,0.10007500000000001,0.15,15.2,1.32,0.24000000000000002
0.4,0.1,0.15005,15.2,1.32,0.24000000000000002
0.4,0.1,0.15,15.26,1.32,0.24000000000000002
0.4,0.1,0.15,15.2,1.326,0.24000000000000002
0.4,0.1,0.15,15.2,1.32,0.24200000000000002
0.39,0.100025,0.15001666666666666,15.219999999999999,1.322,0.24066666666666667
0.405,0.10000625,0.15000416666666666,15.205,1.3205,0.2401666666666667
0.395,0.10001875,0.1500125,15.215,1.3215,0.24050000000000002
0.4025,0.10000937500000001,0.15000625,15.2075,1.3207499999999999,0.24025000000000002
0.3975,0.10001562500000001,0.15001041666666667,15.2125,1.32125,0.24041666666666667
0.40125000000000005,0.10001093750000001,0.15000729166666665,15.20875,1.320875,0.24029166666666668
0.39875,0.1000140625,0.150009375,15.21125,1.3211249999999999,0.240375
0.39749999999999996,0.10001562500000001,0.15001041666666667,15.2125,1.32125,0.24041666666666667
0.3995833333333334,0.0999296875,0.15001979166666665,15.223749999999999,1.3223749999999999,0.24079166666666665
0.3994444444444445,0.09998125000000001,0.14995972222222223,15.231666666666666,1.3231666666666666,0.24105555555555555
0.39925925925925926,0.09997500000000001,0.1499962962962963,15.242222222222221,1.3242222222222222,0.23874074074074073
0.39981481481481485,0.09999375,0.14999907407407406,15.210555555555555,1.3210555555555554,0.2411851851851852
0.39919753086419757,0.09997291666666668,0.14999598765432098,15.16574074074074,1.324574074074074,0.2411358024691358
0.39893004115226344,0.0999638888888889,0.1499946502057613,15.21432098765432,1.3260987654320986,0.24151440329218105
0.3997325102880659,0.09999097222222222,0.14999866255144031,15.20358024691358,1.3215246913580248,0.24037860082304527
0.39884087791495204,0.09996087962962963,0.14999420438957475,15.21551440329218,1.3186069958847735,0.24164060356652947
0.399710219478738,0.09999021990740742,0.14999855109739368,15.203878600823046,1.3241517489711934,0.24041015089163237
0.39899119798811167,0.09996595293209877,0.14999495598994056,15.202733196159121,1.3245835048010972,0.24019707361682668
0.39882639841487577,0.09996039094650207,0.14999413199207437,15.209426154549611,1.3251339734796523,0.24094314891022708
0.3983733424782807,0.09994510030864198,0.1499918667123914,15.212349108367626,1.3269386145404662,0.241225422953818
0.3985540822029163,0.09995120027434842,0.14999277041101458,15.210976985215668,1.32283432403597,0.2410892648478382
0.39797601356500545,0.09993169045781894,0.14998988006782502,15.214526177411978,1.3221756115683583,0.2414288218259411
0.398337884638182,0.10001890360653864,0.14996252275652425,15.186847914443936,1.3247641810191535,0.24080694846652778
0.3977151602906062,0.10006351165980797,0.14993388830145302,15.168396871665903,1.3259587715287302,0.24081458936645833
0.3979003454757914,0.09999476165980796,0.1500139808940456,15.157841316110348,1.3249032159731748,0.2404627375146065
0.3977148639265695,0.10001037665752173,0.14998371320852172,15.22113410049281,1.3236055225321341,0.24015813561618315
0.39882686412979057,0.09998228166438043,0.14999291904287118,15.179589080678758,1.324331936188589,0.24089138575589764
0.3978664188498818,0.10002278330285018,0.1499840658905457,15.176426939914307,1.3235122356009414,0.24132830184818257
0.39781308978795393,0.09997758066923233,0.14996121051066816,15.156302449378197,1.3277664856023526,0.24146814274773676
0.39739830087755124,0.10000779450646921,0.14996709695706265,15.18020115826592,1.3257043992183515,0.2411440093224522
0.3966840192514316,0.1000205509275136,0.14995418591415838,15.180507197059502,1.3263906307332327,0.24127032110572946
0.3969227340800246,0.10004548641100329,0.1499568723295222,15.14062241896717,1.325092503840188,0.24115919963886445
0.395970901912599,0.10008803414325392,0.1499382424982461,15.106220551175952,1.3250717690204556,0.24126722500318312
0.39665126758435343,0.10008610579537522,0.14994626788341786,15.115620066218282,1.3281448798852762,0.24103639529826207
0.39807837854827555,0.09998492665460512,0.1499811447791154,15.18713775546632,1.3241619629982966,0.24107604746044417
0.39712697123899415,0.10005237941511852,0.14995789351531705,15.139459295967628,1.3268172409229497,0.2410496126856561
0.39704721289921263,0.10006175032835254,0.1499063616074773,15.162628395276027,1.326713996264663,0.24185854768851028
0.3976870623316467,0.10001150882694411,0.14998707607240355,15.159038085901768,1.3253559110460469,0.24081169005808245
0.39702135401904387,0.10002997052667496,0.14993728000492984,15.138246486801222,1.328719535118598,0.24082077942490082
0.3976551526421723,0.10002458010880638,0.14997236941914174,15.166881826636036,1.3248140604803555,0.24120142124236216
0.3970220373657111,0.10009083964015082,0.14996385502096524,15.161897436423278,1.3234811434098546,0.24059203135688847
0.39761532668239324,0.10000589541196196,0.14996187163824243,15.157701196139467,1.3266951500542281,0.24124911490002468
0.3970866889936545,0.09998570323362653,0.15000050500911016,15.146237788960093,1.3255343169919762,0.241390426582689
0.3975580424663683,0.10004405955326261,0.1499505424783673,15.16285710098945,1.3258526578945418,0.240958548670516
0.39707178033085455,0.10004855630859655,0.1499351393734809,15.156869579753458,1.3263027597574915,0.24144227876187607
0.39753324183144867,0.10002077069735722,0.14997409189767288,15.15849595936469,1.325592623223908,0.24096933723403086
0.3970630530834211,0.10003421522291789,0.1499504201862531,15.14623054992874,1.3271041312376999,0.24097518624148595
0.3975071277524845,0.10002698888733426,0.14996688211091957,15.161719007459212,1.3253865781696916,0.2411448624921431
0.3970248526595094,0.10004893291306091,0.1499573829224196,15.1400408574674,1.3259548723815686,0.24110440616226028
0.39716051747878794,0.10002664045873626,0.1499619846432924,15.160411788616546,1.3253984515292696,0.2411516044806583
0.39722798795573666,0.10003312855418026,0.14996548211359753,15.149559189165931,1.325342563532048,0.24106426843644765
0.39724038827319647,0.10004477298213295,0.14995370740394476,15.15173975997831,1.3254725808673649,0.24105887415469024
0.3972690303812089,0.10002569091148263,0.14995937198388232,15.14916180755332,1.325893826947208,0.24120415726944455
0.39728894336109843,0.10003503325990484,0.14996462087433196,15.153752122801603,1.3249532821602716,0.2411803104406133
0.3973450145171749,0.10002131794608583,0.14996329686043744,15.161708171560228,1.324762863910548,0.2411683986446459
0.3972649740527585,0.1000282216878296,0.14996181837593298,15.15629134303702,1.3250608660283032,0.2411524005240495
0.3970729340461392,0.10003294707521683,0.14995512474239212,15.148843312971163,1.3258003154211888,0.2410831910607716
0.3972349410323586,0.10003451171373283,0.149962246841347,15.152524920343993,1.3251650404755009,0.24115603059565288
0.39708689234767913,0.10004185532259315,0.14995807006259576,15.145048618504736,1.32572745636889,0.2411123110012032
0.39702212334138554,0.10004977423597695,0.14996008248088424,15.150807090972243,1.3248390385905457,0.241029938833061
0.39697801047212766,0.10003235924994129,0.1499678720864683,15.147918248878563,1.3250491039114491,0.2411655768406056
0.3968978141928885,0.1000419030304109,0.14996120773077315,15.145597531357737,1.3253179987819625,0.2410716024812939
0.3971506593224911,0.10003635954290235,0.14996198706370353,15.150793073097429,1.3252032800521163,0.24113492356706312
0.39687899105842867,0.10004436318620417,0.14995680744189127,15.148974557179631,1.3250940478987716,0.24118691635070424
0.39714073873140965,0.10003593721218623,0.149963313445671,15.149413031169356,1.3252804346237288,0.2410949304150118
0.39695037227607616,0.10003892283047229,0.14996237220799524,15.144270333922867,1.3250708038758185,0.24116238823973501
0.39697242871070504,0.10004763032349012,0.1499584774052032,15.145714754969706,1.3249657712153668,0.24109456923596273
0.3970048132138519,0.10004367086679822,0.14995747119605898,15.142835518735954,1.325409980104539,0.2411357553200338
0.39703669670125785,0.10004092297695283,0.14995942969661288,15.1457077460323,1.3251478919461521,0.24114706160296379
0.39704162577940627,0.10003606343486977,0.1499594284864073,15.15051710379186,1.325245477684729,0.24115540205976138
0.3970753610178806,0.10003930748259178,0.14996117722155988,15.145090804066552,1.3252175336861178,0.24111173403765604
0.39703810564546077,0.10003382767740594,0.14996043964084893,15.14396655353586,1.3254289591638144,0.24119594439704212
0.3970894065365512,0.10004083678606832,0.14995590064900813,15.145309714453697,1.3254433115993616,0.24113931077903883
0.3970546479714325,0.10004035829716931,0.1499575185387549,15.14504986932099,1.3253501846684759,0.24114508014421288
0.39700906586809437,0.10003864841299329,0.1499582061077712,15.143653010107162,1.325433654436469,0.24115397692955978
0.39704236690691447,0.10003422637187957,0.14996040957889584,15.146797734527244,1.325179457722059,0.2411713570823317
0.3969884384611612,0.10003549496641191,0.14996132591624686,15.145166005677623,1.3251823441759834,0.2411707912375256
0.3969387512291399,0.10003527494226282,0.14995771679833758,15.145150138135755,1.3253032653216297,0.24122382307737228
0.3970412085706954,0.10003829934750953,0.1499603121157543,15.145105637583852,1.3252389665949957,0.2411397562975851
0.3969555862705929,0.1000404906887076,0.14995909912288455,15.142894212322398,1.3251374240080855,0.24116499543819503
0.3969658999740595,0.1000420674119983,0.1499575392186467,15.142137714537165,1.3252630791383284,0.2411565882842121
0.3969804198627427,0.10003965704420462,0.14995865598518557,15.142294486251515,1.325260731502001,0.24117757201795328
0.39698255049346953,0.10003985639144143,0.14995864095420902,15.143710076747206,1.3251359807811234,0.2411652783605981
0.39698217992971546,0.10004077492293653,0.14995815040796476,15.145569761379514,1.3251689907624584,0.24115730084931292
0.3969990475489526,0.10004239694679753,0.14995902477554104,15.14285661151686,1.325155018763153,0.24113546683826026
0.3969749394211064,0.10004082005636539,0.14995927530645567,15.143844807857723,1.3250538040806745,0.24116334943018256
0.3969726795593447,0.10004113189527361,0.14995884128450343,15.143418034527583,1.325106122845088,0.24116165914368995
0.39693300251634406,0.10004006883772483,0.14995772858588213,15.143313051881602,1.3251455658164952,0.24119320164461097
0.3969825362908005,0.10004181491952936,0.1499587007281263,15.142970721608046,1.3251526555264885,0.24114990053984792
0.3969391601753087,0.10004298854985545,0.14995798572620336,15.141758315644784,1.3251149639241366,0.24116209753852974
0.39694770681968466,0.10004330915313846,0.14995785680701282,15.142020226747377,1.3250993133426379,0.2411604293912772
0.3969515769713836,0.10004257172760396,0.14995776415735387,15.141458452609344,1.3251766176710946,0.24116838582840885
0.3969526422867471,0.10004267140122236,0.1499577566418656,15.142166247857189,1.3251142423106557,0.24116223899973127
0.39695245700487003,0.10004313066696992,0.14995751136874347,15.143096090173342,1.3251307473013232,0.24115825024408868
0.3969608908144886,0.10004394167890042,0.1499579485525316,15.141739515242016,1.3251237613016704,0.24114733323856236
0.39694028675565757,0.10004460422609268,0.14995754631793914,15.142342485601283,1.3250485596691093,0.24114813052194237
0.39695307907851546,0.10004472596258693,0.14995717827966826,15.142237345884675,1.3250880786643913,0.2411497631396257
0.39694263990111045,0.10004342290303832,0.1499577838645696,15.141878073204758,1.3251082426092005,0.24115901393880373
0.3969365098810343,0.10004468125749526,0.14995774346907018,15.140493565699922,1.325064793723164,0.24115386499897176
0.3969199490935976,0.10004411677176304,0.14995723792412824,15.141434824117217,1.3250521238633148,0.2411669592579679
0.3969506553842659,0.10004398545211607,0.14995777089543078,15.141663342460816,1.3251058519420815,0.24115223974341374
0.39692753532051206,0.10004582506640566,0.14995743458598262,15.14084045636992,1.3250588460648047,0.24114872041135982
0.3969218155350754,0.10004512422027514,0.1499573082292681,15.141069066402661,1.32505156780762,0.2411575465569927
0.39690739561048016,0.10004569360435468,0.14995707689618673,15.140771928373583,1.3250244257403894,0.24116019996378218
0.3969113270299217,0.10004659533632485,0.14995696234741068,15.140296082658168,1.3250331438729805,0.24114928043329759
0.39693861187224394,0.10004413069893506,0.14995763319211228,15.141589190725075,1.3250827709752235,0.2411576421517823
0.39691505127220705,0.10004671751839056,0.14995698506570146,15.140341942040894,1.3250157240617593,0.24115023862343055
0.3969357427438846,0.10004424655687638,0.14995758416485255,15.141494040413791,1.32508511297234,0.24115682010996042
0.396915889747069,0.1000454169722641,0.14995723522796972,15.13959471458187,1.3250875914362605,0.24116401856963127
0.3969341875035104,0.10004480741263554,0.14995746854544678,15.141655542846431,1.3250583176108972,0.2411521025338646
0.39691608984090476,0.10004611607065522,0.14995709347157474,15.140370126831865,1.325045229008704,0.24115266040048544
0.39693298136440913,0.10004462704186509,0.1499574982619779,15.141284424751772,1.3250733854835937,0.24115639671395808
0.396917015659906,0.10004554744021829,0.14995690145891943,15.141729371540968,1.325066070180907,0.2411572814582914
0.39693163632575224,0.10004489780317602,0.1499575329665325,15.140802517160184,1.3250651128375999,0.24115471911380168
0.3969150648452524,0.10004559000767899,0.14995697461285448,15.140697173670377,1.3250584647902885,0.24115969980132332
0.3969174654654961,0.10004575933538017,0.14995725574108468,15.140806192371752,1.325041635902597,0.241154460187571
0.39692018848744465,0.1000451603231099,0.1499572875790823,15.141028176562678,1.3250489056119914,0.24115829833887015
0.3969207915569953,0.10004525050849511,0.14995727272081677,15.141213735610007,1.3250413716756433,0.2411561512488234
0.39692156917718235,0.10004497008061554,0.14995733053051966,15.141132984393687,1.3250547693563648,0.2411585100368713
0.39692195274575726,0.10004518743092497,0.14995741018262845,15.140632747036753,1.3250446097317767,0.241157032481377
0.39691375388687566,0.10004553641885965,0.14995717245996867,15.14047599852627,1.3250495653688261,0.24115991568777492
0.3969158427855014,0.10004495328646773,0.14995716167932877,15.140773477149365,1.325051944297282,0.2411634252490953
0.3969098302765881,0.10004573694318311,0.1499570306061635,15.14032684937932,1.3250378691571534,0.24116101380386962
0.3969163376967989,0.10004523744638015,0.14995714139211272,15.140934118864422,1.3250391744074679,0.24115997419166424
0.39690626715493127,0.10004560310613321,0.14995681407261438,15.14087782762983,1.3250423182697475,0.24116383796815796
0.39691803134805076,0.10004529134972703,0.14995726115512495,15.140694017185021,1.3250440368662695,0.2411587338530722
0.39690731236677923,0.10004567388948735,0.14995692786817472,15.140371011644685,1.325036399474292,0.2411627172820655
0.39690087430644655,0.10004593067267607,0.14995674801272094,15.140042429185689,1.3250301464054421,0.24116492675366316
0.39690589651241603,0.10004567037612364,0.14995684319648203,15.140597502508896,1.3250387224226883,0.24116360957752786
0.39691499763914206,0.10004538610632618,0.14995715666546422,15.14066988851599,1.3250427082553742,0.24115995278418612
0.3969073539886297,0.10004568374692102,0.14995700238218074,15.140571470009133,1.3250304126073407,0.24116145862292385
0.39690857132168367,0.10004570541633523,0.1499569792371691,15.140348930512003,1.3250371343157226,0.24116186554296756
0.39691182503178907,0.10004545566793374,0.14995703463014373,15.140652565254554,1.3250377869408798,0.24116134573686487
0.3969111886060158,0.10004563194858317,0.14995695124051459,15.14053409265753,1.3250474321322903,0.2411612085416944
0.3969115775761403,0.10004531358797754,0.14995704477375174,15.140572244397024,1.325044171885787,0.2411630712655804
0.39691267185741497,0.10004548261960719,0.14995709451164982,15.140532514414854,1.3250402181702807,0.24116072556756885
0.3969077335404322,0.10004570806837007,0.1499569653743365,15.140324189290524,1.3250408025876912,0.241162336537402
0.3969066996508449,0.10004598164179047,0.14995692876425676,15.14032182511255,1.3250332945434187,0.24116036609929367
0.3969042606881972,0.10004631566869693,0.14995687075950928,15.140196615470316,1.3250278558722346,0.24115901351615032
0.39690559230257905,0.10004577984558727,0.14995701480540796,15.14028922100372,1.3250253217672916,0.24116194800904606
0.3969027941508607,0.10004585379408933,0.14995704658785464,15.140166785176813,1.3250142665847924,0.2411623177427219
0.39690790697404216,0.10004578472963886,0.14995697839896646,15.140116948708009,1.3250369592847253,0.24116198430108263
0.39690758523344294,0.10004578596194606,0.149957019748354,15.140295149232447,1.3250252882033862,0.24116098897449806
0.39690095137513626,0.1000461125248219,0.14995686568994207,15.14000770238065,1.325020895965165,0.2411626877466409
0.39689509113399685,0.10004642747742926,0.14995675127908817,15.139745296363548,1.325011234862607,0.2411636688361769
0.39690055851497186,0.10004613041512521,0.1499569049783958,15.139990074900682,1.3250153466686845,0.24116214886897866
0.3969065681200057,0.10004581166603273,0.14995696067247577,15.140259216609172,1.3250316874039632,0.24116193637447034
0.39690156938761845,0.10004620786748822,0.1499569672821572,15.139930728756163,1.3250145108200055,0.24116103682734902
0.3969004720158108,0.10004597552375101,0.14995697922537532,15.139849549836166,1.325011354509741,0.24116361158613928
0.3968985715119183,0.1000462001187482,0.14995695350145616,15.139775602748543,1.3250061840177894,0.24116259971485224
0.3969045689679839,0.10004590877921159,0.14995695887972088,15.140138313144014,1.3250253115574198,0.2411621022095658
0.3968961199891957,0.10004626840499962,0.14995692926855028,15.139924992128375,1.3249970295612588,0.2411625910910677
0.3969049602278305,0.10004590564847905,0.14995696611636242,15.1400689595631,1.3250269768538585,0.24116213599857889
0.39689556672792414,0.10004630706820343,0.14995687004183222,15.139671395047486,1.3250092635260888,0.24116396875901255
0.39690458060706324,0.1000459162385104,0.14995698232172355,15.140139210686208,1.3250212820340617,0.24116173392062668
0.3968977815749038,0.10004620150059014,0.14995686525223176,15.139797423099857,1.325011294686174,0.2411636402111581
0.3968983302608077,0.10004631767245874,0.1499568592806227,15.139838012559855,1.3250128728413064,0.24116235283176296
0.39689894264242875,0.1000461406357593,0.14995689893347142,15.13995604077018,1.3250127507236997,0.2411629932894494
0.3968998300509904,0.10004616812832043,0.14995685507940454,15.139941804753782,1.3250182732100133,0.24116288552287135
0.3969000256809137,0.10004616656295416,0.1499568586977253,15.139907127963324,1.3250191058582328,0.24116290241737792
0.3969013381837199,0.10004610671968767,0.14995688551372108,15.140020222797999,1.3250182615329966,0.24116232890533748
0.39689707893470205,0.10004628748179435,0.14995684641512125,15.139859138818416,1.3250091234273662,0.24116305411487418
0.39689908882731145,0.10004628120455977,0.14995683358157796,15.139989415588069,1.3250162108464891,0.241162120955666
0.3968967932766652,0.10004635226890926,0.149956836588463,15.13986090421224,1.3250085448681417,0.2411626207882176
0.39689377017491745,0.10004649552728256,0.14995678984572708,15.13972937997277,1.3250053176568735,0.24116327470004487
0.39688998617051624,0.10004668993108003,0.1499567420117301,15.139583958560157,1.324998845718812,0.24116374759739856
0.3968942466471945,0.10004639248331805,0.14995682719925324,15.139673508644266,1.3250037372801757,0.24116386723117597
0.3968928275003325,0.1000466170013048,0.14995673793595374,15.139612706086853,1.3250041929217904,0.24116328621130143
0.3968897699292844,0.10004685518407753,0.1499566574371949,15.139441038745188,1.324999914020836,0.24116343267222745
0.3968905864381125,0.10004661913514494,0.14995671030765986,15.139598409692288,1.3249997511973604,0.24116428661580935
0.39688967359868826,0.1000467598769262,0.1499566778040075,15.13949037372502,1.3250003765346319,0.2411639961663432
0.3968952276006986,0.10004640558057731,0.1499568042623428,15.139766947545066,1.3250069367041828,0.24116328962774142
0.3968901781836984,0.10004673715961124,0.1499566838724274,15.139519724218738,1.3249998326090981,0.2411638596440184
0.3968917700521009,0.10004667535568006,0.149956723641461,15.13958520935898,1.3250026158388546,0.24116335368613617
0.39689200828823945,0.10004662383369779,0.1499567423182241,15.139557273694727,1.3250018256505058,0.2411636499517017
0.3968924305316406,0.1000466413307534,0.14995670435814154,15.139593167554368,1.3250055744417215,0.24116355075420218
0.39689328160297477,0.1000466037264934,0.14995674701282896,15.139650971478714,1.3250042294444888,0.24116302673022252
0.3968934244319932,0.10004657133293594,0.1499567519261581,15.139650088781803,1.325004518724101,0.2411632433935508
0.3968919276038427,0.10004666883350972,0.14995670533353067,15.1395522121322,1.3250026824580625,0.24116356736250488
0.3968918094400364,0.10004667372513747,0.1499567190644784,15.139576960052285,1.3250026324936566,0.24116340710522832
0.39688992533198936,0.10004676379557773,0.14995667264604584,15.139461779536989,1.3250005365354842,0.2411640211100871
0.396888616136303,0.10004686034334911,0.14995664130601263,15.13939989248563,1.3249989198596663,0.24116406368560425
0.39688621198845797,0.10004700484855569,0.14995658599593992,15.139274794337544,1.324996120427449,0.24116447383163098
0.39688833857154304,0.10004686334973023,0.14995666785665288,15.139392388690151,1.3249956459480274,0.2411639273020869
0.3968878027069828,0.10004689416354375,0.14995663608104084,15.139347072404856,1.3249962590475495,0.2411642443500136
0.396890807756773,0.10004672883473903,0.14995669831861902,15.139519488140428,1.3250010391321299,0.24116361641642464
0.396888477353923,0.10004686184653967,0.14995665458133275,15.139396140587891,1.324997282903847,0.2411639954938456
0.3968891930327937,0.10004685776371332,0.14995664937160377,15.139420465615409,1.324999416940251,0.24116374817891584
0.3968892707341462,0.10004681206946342,0.14995665697602925,15.139430836011309,1.3249997281975754,0.24116404239784567
0.3968893971600007,0.10004679875148018,0.14995666258922002,15.139459808352184,1.3249993762343824,0.24116396166481133
0.3968903122122712,0.10004674208852345,0.14995669181211838,15.13947858309018,1.325000372755086,0.241163856818653
0.3968902127881697,0.10004676703424328,0.14995668018524552,15.139488426268958,1.3250007761766616,0.2411637353954163
0.39688929692586816,0.10004683496379725,0.1499566621548941,15.139411639667607,1.3249994560433134,0.2411638523252822
0.3968893219844013,0.10004682591071798,0.14995666226347557,15.139423681838752,1.3249994360910806,0.2411638796601645
0.39688805179764103,0.10004691956748547,0.14995662308244814,15.13937456451247,1.3249981473012744,0.24116396478527774
0.3968874308915664,0.1000469454661797,0.1499566156750552,15.139326767414863,1.3249968675879034,0.24116416267180157
0.39688603994326477,0.1000470346821479,0.14995658341996002,15.139245937987816,1.3249949132935244,0.2411643763099942
0.39688786326653336,0.10004688397086513,0.14995663525651406,15.139363495334896,1.324997377040198,0.24116428805259724
0.3968873164093098,0.10004695363224894,0.14995662041225022,15.139330678046857,1.324996282063748,0.24116407571858461
0.3968887821529371,0.1000468474601598,0.1499566478350845,15.139405796520197,1.3249988666641184,0.2411640507280304
0.39688837643798386,0.10004688568844884,0.1499566389692654,15.139375224626807,1.324998151839492,0.24116402116598304
0.3968876470790499,0.10004691471852241,0.14995662546578464,15.13934513137488,1.3249971223140506,0.2411642253621994
0.3968877413446037,0.10004693251683258,0.14995661937875168,15.139350665963667,1.324997507444589,0.24116406372853966
0.3968880235139347,0.10004690290476441,0.14995662849053393,15.139363329950246,1.324997893723785,0.2411641131787029
