1.0,0.1,0.1,0.1,0.1,0.1, 69.464, 61.1, 69.464, 108.4, 3.107 
1.05,0.1,0.1,0.1,0.1,0.1, 69.310, 61.5, 69.310, 106.0, 3.072 
1.0,0.10500000000000001,0.1,0.1,0.1,0.1, 69.004, 61.1, 69.004, 108.0, 3.101 
1.0,0.1,0.10500000000000001,0.1,0.1,0.1, 68.788, 60.6, 68.788, 106.4, 3.062 
1.0,0.1,0.1,0.10500000000000001,0.1,0.1, 69.468, 61.4, 69.468, 108.0, 3.104 
1.0,0.1,0.1,0.1,0.10500000000000001,0.1, 69.471, 61.6, 69.471, 108.5, 3.119 
1.0,0.1,0.1,0.1,0.1,0.10500000000000001, 69.469, 61.3, 69.469, 108.4, 3.111 
1.0166666666666666,0.10166666666666666,0.10166666666666666,0.10166666666666666,0.09499999999999997,0.10166666666666666, 69.029, 60.7, 69.029, 106.0, 3.056 
1.025,0.10249999999999998,0.10249999999999998,0.10249999999999998,0.08999999999999997,0.10249999999999998, 68.805, 59.3, 68.805, 106.2, 3.034 
1.025,0.10249999999999998,0.10249999999999998,0.10249999999999998,0.09666666666666665,0.0958333333333333, 68.806, 59.5, 68.806, 106.0, 3.036 
1.0333333333333332,0.10333333333333328,0.10333333333333328,0.10333333333333328,0.0955555555555555,0.09944444444444442, 68.602, 61.7, 68.602, 105.3, 3.061 
1.0444444444444443,0.1044444444444444,0.1044444444444444,0.09777777777777771,0.09407407407407403,0.09925925925925921, 68.306, 60.5, 68.306, 104.0, 3.016 
1.0666666666666664,0.10666666666666658,0.10666666666666658,0.09416666666666657,0.09111111111111103,0.0988888888888888, 67.748, 59.2, 67.748, 102.8, 2.970 
1.0666666666666664,0.09999999999999992,0.10666666666666658,0.10083333333333327,0.09111111111111103,0.0988888888888888, 68.333, 59.6, 68.333, 103.6, 2.993 
1.022222222222222,0.10499999999999987,0.10888888888888879,0.10111111111111101,0.08814814814814806,0.09851851851851842, 67.737, 58.2, 67.737, 104.1, 2.976 
1.0796296296296295,0.10666666666666655,0.10518518518518505,0.10148148148148137,0.08419753086419743,0.09802469135802458, 67.912, 58.8, 67.912, 105.6, 3.013 
1.0617283950617282,0.10444444444444434,0.10746913580246908,0.09753086419753085,0.08485596707818924,0.09810699588477356, 67.841, 59.2, 67.841, 103.0, 2.974 
1.0823045267489708,0.10592592592592573,0.1099588477366254,0.09670781893004105,0.07980795610425229,0.10247599451303141, 67.333, 57.8, 67.333, 103.5, 2.958 
1.1109567901234563,0.10763888888888862,0.11368827160493811,0.09381172839506158,0.07137860082304509,0.10579732510288048, 66.598, 55.8, 66.598, 100.5, 2.865 
1.1109567901234563,0.10763888888888865,0.11368827160493808,0.09381172839506155,0.08026748971193398,0.09690843621399156, 66.596, 56.3, 66.596, 101.1, 2.885 
1.0667695473251024,0.10379629629629608,0.1138374485596707,0.09227366255144026,0.0847599451303154,0.10101165980795596, 67.051, 58.2, 67.051, 102.7, 2.949 
1.0797668038408776,0.1117283950617281,0.11474622770919055,0.09006858710562399,0.07572930955646992,0.10085505258344749, 66.211, 56.7, 66.211, 101.1, 2.893 
1.1433927754915405,0.10897119341563757,0.11447645176040225,0.08610996799268392,0.07455265965554017,0.1020042676421275, 66.276, 54.9, 66.276, 98.4, 2.810 
1.2039780521262,0.11095679012345644,0.11727023319615898,0.07860939643347037,0.06775491540923623,0.10374714220393205, 65.595, 52.0, 65.595, 93.0, 1.705 
1.151303155006858,0.11169753086419718,0.11916323731138523,0.08338305898491055,0.07214449016918131,0.10429583904892525, 65.434, 53.5, 65.434, 96.0, 1.759 
1.1745770461819838,0.11115226337448511,0.12413122999542728,0.08315272062185622,0.05956713915561629,0.10531626276482217, 64.784, 51.6, 64.784, 92.6, 1.698 
1.2285322359396424,0.11339506172839436,0.13286351165980764,0.07764574759945103,0.04379515317786892,0.10852994970278884, 63.433, 48.3, 63.433, 86.4, 1.583 
1.2283950617283943,0.11722222222222167,0.12330246913580215,0.08016975308641941,0.052263374485596426,0.10569958847736596, 64.307, 49.8, 64.307, 89.5, 1.640 
1.2649405578417916,0.11112139917695421,0.1252457704618195,0.07907521719250085,0.053472031702484074,0.10747104099984728, 64.449, 50.7, 64.449, 87.9, 1.612 
1.2850784941319913,0.11637174211248219,0.13015622618503245,0.07041990550220972,0.040002032210536706,0.11493852563125506, 63.406, 48.6, 63.406, 81.7, 1.498 
1.372139346136259,0.12073816872427895,0.13839020347507963,0.058723994055783824,0.01986930345983806,0.1239535703398868, 61.915, 45.4, 61.915, 77.6, 1.423 
1.3721393461362585,0.120738168724279,0.13839020347507958,0.05872399405578377,0.03172115531168991,0.11210171848803491, 61.947, 45.6, 61.947, 77.9, 1.429 
1.4054050449626572,0.11969307270233104,0.13932422648986392,0.060932975156225866,0.017480821013056563,0.11620516435502667, 61.811, 44.4, 61.811, 76.2, 1.396 
1.5324559899405568,0.12369084362139798,0.1494047210791033,0.04970793324188352,-0.009851013565005812,0.12215982700807737, 1.4198724787888013,0.12334590763602998,0.14856856170299182,0.05981449728191787,0.005112364307608419,0.12090653525038478, 60.461, 42.5, 60.461, 75.3, 1.380 
1.5278196921201017,0.12954046639231676,0.16421772595640827,0.05041704770614164,-0.026208911243205485,0.12948623177361113, 1.4592812748734092,0.11912170400853417,0.15095835661907855,0.05146905536080168,0.004886901838585554,0.1240230712346238, 60.373, 41.0, 60.373, 72.1, 1.321 
1.5747243814459164,0.12007144490169042,0.1647863003607168,0.037118706497992815,-0.018801334484919885,0.1331848126132527, 1.487516017770551,0.12788929533099497,0.15758591734548083,0.0433615373108205,-0.012516798666268265,0.12776896212373465, 59.012, 38.5, 59.012, 65.6, 1.203 
1.598803747734931,0.13627324340801533,0.17375599078731152,0.025504697369980317,-0.04551121385064444,0.13791792268567832, 1.61025226694967,0.13044704398042167,0.15820897804271716,0.03336293680766013,-0.021610570756365504,0.13312305756110832, 1.5460161303575237,0.1263402287365846,0.15928854441665774,0.04383100460195284,-0.027313814912871635,0.1365584018002201, 1.6039750584312786,0.1282075820740199,0.16625465806385042,0.038866674784009125,-0.031189669185256348,0.12890816043514597, 1.6368993640944205,0.1320908478865307,0.17429744557372828,0.029302260226161517,-0.045024683471245816,0.14089089844671251, 1.6947742253701503,0.13135299303633202,0.17362940498417917,0.020249992415217397,-0.04936857602541575,0.14285098195013032, 1.733863079451122,0.13965429300642712,0.17879662618979267,0.018189080021138823,-0.06722827284439332,0.14601041620439348, 1.665217628306694,0.1345211457569539,0.17183705879711414,0.02650907385605454,-0.0491994791736486,0.14051357996195105, 1.5279267260178373,0.12425485125800739,0.15791792401175708,0.04314906152588596,-0.01314189183215917,0.12951990747706624, 1.6308949027344797,0.13195457213221728,0.16835727510077486,0.030669070773512396,-0.040185082338276244,0.13776516184072984, 1.5488841423601105,0.12916816965570832,0.157897447694099,0.038362237059240314,-0.017063684711316883,0.1304460098424215, 1.5167660740640374,0.1271147620337898,0.15843723088106929,0.04359627095638667,-0.019915306789569952,0.13216368196197736, 1.5457455381009149,0.12804843870250743,0.16192028770466563,0.04111410604741481,-0.021853233925762307,0.12833856127944032, 1.5622076909324858,0.12999007160876283,0.16594168145960456,0.03633189876849101,-0.02877074106875704,0.13432993028522358, 1.5911451215703507,0.1296211441836635,0.16560766116483,0.03180576486301895,-0.030942687345842008,0.13530997203693249, 1.5763668230386225,0.13120522054397443,0.16471148807129748,0.03493530558343752,-0.030858138919958433,0.13414127104284285, 1.5077213718941949,0.12607207329450115,0.15775192067861898,0.043255299418353224,-0.012829345249213722,0.12864443480040044, 1.5592054602525156,0.1299219337316061,0.16297159622312785,0.03701530404216645,-0.026350940502272255,0.13276706198223226, 1.5182000800653308,0.12852873249335164,0.15774168251978993,0.04086188718503041,-0.014790241688792574,0.12910748598307809, 1.5021410459172944,0.12750202868239238,0.15801157411327504,0.043478904133603585,-0.01621605272791911,0.12996632204285602, 1.5166307779357329,0.1279688670167512,0.15975310252507324,0.04223782167911766,-0.017185016296015286,0.1280537617015875, 1.5248618543515184,0.12893968346987889,0.1617637994025427,0.039846718039655754,-0.02064376986751265,0.13104944620447911, 1.539330569670451,0.12875521975732923,0.16159678925515542,0.037583651086919724,-0.02172974300605514,0.13153946708033357, 1.531941420404587,0.1295472579374847,0.16114870270838916,0.03914842144712901,-0.021687468793113347,0.13095511658328873, 1.4976186948323726,0.12698068431274803,0.15766891901204994,0.04330841836458687,-0.012673071957740992,0.12820669846206761, 1.5233607390115333,0.12890561453130053,0.16027875678430437,0.040188420676493475,-0.019433869584270257,0.13026801205298344, 1.502858048917941,0.12820901391217332,0.15766379993263538,0.042111712247925454,-0.01365352017753042,0.12843822405340638, 1.4948285318439227,0.1276956620066937,0.15779874572937794,0.04342022072221204,-0.014366425697093687,0.12886764208329532, 1.502073397853142,0.12792908117387308,0.15866950993527704,0.04279967949496908,-0.014850907481141776,0.12791136191266106, 1.5061889360610348,0.12841448940043693,0.15967485837401177,0.04160412767523813,-0.01658028426689046,0.1294092041641069, 1.513423293720501,0.1283222575441621,0.15959135330031812,0.040472594198870115,-0.017123270836161702,0.1296542146020341, 1.509728719087569,0.12871827663423985,0.159367310026935,0.04125497937897475,-0.017102133729690806,0.1293620393535117, 1.4925673563014619,0.12743498982187146,0.15762741817876535,0.04333497783770368,-0.012594935312004629,0.12798783029290106, 1.5054383783910423,0.12839745493114774,0.15893233706489257,0.04177497899365698,-0.01597533412526926,0.12901848708835906, 1.495187033344246,0.12804915462158414,0.15762485863905812,0.04273662477937298,-0.013085159421899343,0.1281035930885705, 1.491172274807237,0.12779247866884433,0.1576923315374294,0.04339087901651627,-0.013441612181680976,0.12831830210351497, 1.4947947078118466,0.12790918825243403,0.15812771364037892,0.04308060840289479,-0.01368385307370502,0.12784016201819787, 1.496852476915793,0.12815189236571595,0.1586303878597463,0.04248283249302931,-0.014548541466579362,0.12858908314392076, 1.5004696557455262,0.12810577643757853,0.15858863532289946,0.04191706575484531,-0.014820034751214984,0.12871158836288438, 1.49862236842906,0.1283037859826174,0.1584766136862079,0.042308258344897626,-0.014809466197979536,0.12856550073862316, 1.4900416870360067,0.1276621425764333,0.15760666776212312,0.0433482575742621,-0.012555866989136445,0.12787839620831792, 1.4964771980807967,0.12814337513107138,0.1582591272051867,0.04256825815223875,-0.014246066395768763,0.12839372460604687, 1.4913515255573986,0.12796922497628954,0.15760538799226947,0.043049081045096735,-0.012800979044083803,0.12793627760615256, 1.4893441462888939,0.12784088699991963,0.15763912444145511,0.043376208163668384,-0.01297920542397462,0.1280436321136248, 1.4911553627911989,0.1278992417917145,0.15785681549292988,0.04322107285685765,-0.013100325869986643,0.12780456207096624, 1.4921842473431721,0.12802059384835546,0.15810815260261357,0.042922184901924905,-0.013532670066423814,0.1281790226338277, 1.4939928367580386,0.12799753588428675,0.15808727633419015,0.04263930153283291,-0.013668416708741624,0.1282402752433095, 1.4930691930998057,0.1280965406568062,0.15803126551584437,0.04283489782785906,-0.0136631324321239,0.12816723143117892, 1.488778852403279,0.12777571895371403,0.15759629255380195,0.04335489744254128,-0.012536332827702352,0.12782367916602627, 1.4919966079256741,0.12801633523103317,0.15792252227533377,0.04296489773152962,-0.013381432531018513,0.12808134336489074, 1.489433771663975,0.12792926015364225,0.15759565266887515,0.04320530917795862,-0.012658888855176034,0.12785261986494362, 1.4884300820297225,0.1278650911654573,0.15761252089346797,0.04336887273724444,-0.012748002045121443,0.12790629711867973, 59.009, 39.0, 59.009, 65.6, 1.202 
1.489335690280875,0.12789426856135472,0.15772136641920537,0.04329130508383908,-0.012808562268127453,0.12778676209735046, 1.4898501325568616,0.1279549445896752,0.1578470349740472,0.043141861106372706,-0.01302473436634604,0.12797399237878115, 1.490754427264295,0.12794341560764086,0.15783659683983547,0.043000419421826704,-0.013092607687504944,0.1280046186835221, 1.4902926054351784,0.12799291799390058,0.15780859143066261,0.04309821756933978,-0.013089965549196083,0.1279680967774568, 1.489292546781853,0.12791738426269894,0.1578750232986913,0.04321542856518912,-0.01310133467234538,0.1279502898615647, 1.4918024770123774,0.12796671206258092,0.15798112727315577,0.043010497517116775,-0.013438270196612184,0.12809439018205035, 1.4907308622019209,0.12794735787968445,0.15788232479123704,0.04309825746554271,-0.013207902314026205,0.12801303316747142, 1.4885876325810077,0.12790864951389144,0.15768471982739957,0.043273777362394565,-0.012747166548854244,0.12785031913831357, 59.001, 38.6, 59.001, 65.6, 1.204 
1.4901950547966925,0.1279376807882362,0.15783292355027767,0.04314213743975567,-0.013092718372733216,0.12797235466018198, 1.4888828861552987,0.127879679863406,0.15766694365633666,0.043330088910541756,-0.012778282156624448,0.1278465296080151, 1.489140107293292,0.12791001787756626,0.1577297779337576,0.04325536692180858,-0.012886368205733741,0.12794014474873044, 1.4895922546470088,0.1279042533865491,0.1577245588666517,0.04318464607953557,-0.012920304866313194,0.1279554579011009, 1.4893613437324504,0.12792900457967893,0.1577105561620653,0.04323354515329211,-0.012918983797158763,0.12793719694806827, 1.4888613144057876,0.12789123771407812,0.15774377209607965,0.043292150651216776,-0.012924668358733411,0.12792829349012222, 58.992, 38.4, 58.992, 65.6, 1.203 
1.4895804721158217,0.1279062245225709,0.1577474228423525,0.043233565101393576,-0.012977952179573824,0.12795966514307558, 1.4888010284831934,0.12785649693019696,0.15769777593415008,0.043321351647288134,-0.012826208806874592,0.12790826572183972, 1.4883063755140293,0.12786532930454275,0.1576748455853964,0.04341581924362884,-0.01279352238457396,0.12787427404238672, 59.001, 38.5, 59.001, 65.6, 1.203 
1.4884806122746594,0.12784466862251773,0.1576513157355035,0.04339858250862927,-0.01279651043810015,0.1278676302926426, 59.009, 38.5, 59.009, 65.6, 1.202 
1.4886037421191056,0.1278633362230486,0.15770894070598002,0.043346691719258576,-0.012910672581034677,0.1279682789949004, 59.001, 38.5, 59.001, 65.6, 1.203 
1.488673528128154,0.12786742213313795,0.15769844144356918,0.04334254101707937,-0.012877574974932119,0.12793784164817906, 59.000, 38.5, 59.000, 65.6, 1.203 
1.488455347152191,0.12785487989398753,0.15763191831448575,0.04338372762293685,-0.012772256241610797,0.12788696370566116, 59.009, 38.5, 59.009, 65.7, 1.204 
1.488368228771876,0.12786521023500003,0.15764368323943218,0.04339234599043664,-0.0127707622148477,0.12789028558053323, 59.010, 38.6, 59.010, 65.7, 1.204 
1.4886456982177552,0.1278781644397677,0.1576781464947738,0.043330511694230606,-0.012836335201927427,0.127917295304401, 59.001, 39.0, 59.001, 65.6, 1.203 
1.489005277072772,0.1278856578440141,0.15767997186791022,0.04330121891931901,-0.012862977112347632,0.12793298113087764, 1.488615555256458,0.12786079404782713,0.157655148413809,0.04334511219226629,-0.012787105425998018,0.12790728142025973, 59.001, 38.5, 59.001, 65.6, 1.202 
1.4886564840925107,0.12787238551443164,0.1576397322749023,0.0433494808238931,-0.012763142100872945,0.12787641336334743, 1.4889012525019272,0.1278737807334951,0.15765546284701754,0.04330062867286013,-0.012819177161111719,0.127918791767209, 1.4889627692381908,0.12789041135434348,0.15767507594947455,0.04328154739033434,-0.012833323440848931,0.1279327229959304, 1.4883986700394165,0.12786121790776003,0.1576253904232382,0.04335749891762396,-0.012732718012945864,0.12788661952573144, 59.010, 38.5, 59.010, 65.7, 1.204 
1.488853625314433,0.1278795478599506,0.15766632650674223,0.043315288918895245,-0.01283041233749719,0.12792139072959108, 1.4886360196744843,0.12786658978112939,0.15764744034435565,0.0433472965080797,-0.01277512376343548,0.1278918473918036, 1.4887584038791926,0.1278672873906611,0.15765530563041327,0.04332287043256321,-0.012803141293554868,0.12791303659373437, 59.000, 38.5, 59.000, 65.6, 1.203 
1.4887891622473244,0.1278756027010853,0.15766511218164178,0.043313329791300315,-0.012810214433423475,0.12792000220809507, 1.4885228186430903,0.12786294260664222,0.1576338346536385,0.04335699246475537,-0.01276755373555973,0.12790678926946975, 59.009, 39.0, 59.009, 65.6, 1.202 
1.4886306267371066,0.12786947924379743,0.1576666474542914,0.04333781194324845,-0.012811720313962723,0.12791228836233037, 59.001, 39.0, 59.001, 65.6, 1.203 
1.488810416164615,0.1278732259459206,0.15766756014085961,0.04332316555579265,-0.012825041269172825,0.12792013127556867, 1.4887396413014442,0.12786985419751526,0.1576670958138622,0.04331913095189574,-0.012826468393788398,0.12793466231801576, 59.000, 39.0, 1.4885699917466446,0.12785892510970262,0.15765008518731624,0.04335503138887359,-0.012796795710588713,0.12791139420503117, 59.009, 39.0, 59.009, 65.7, 1.204 
1.4887343696221544,0.12787143330323963,0.1576613554330604,0.04332375519069363,-0.012806859752714783,0.1279178502073291, 59.000, 39.0, 59.000, 65.6, 1.202 
1.488592738695763,0.12786862239098634,0.1576619083394271,0.04334578566698752,-0.012805108336843958,0.12791996435725672, 59.001, 38.4, 59.001, 65.6, 1.203 
1.4885625337382846,0.12786564498195588,0.1576483889978331,0.043358410052685564,-0.012774661217628946,0.12789343931272235, 59.009, 39.0, 59.009, 65.6, 1.203 
1.4886953644106544,0.12786880189362543,0.15766241910985493,0.043328950727093196,-0.012813516599748536,0.1279243565666924, 59.001, 38.5, 59.001, 65.6, 1.202 
1.4884534082904606,0.1278607985494521,0.15764621099383416,0.04335630383922217,-0.01277224678576976,0.12790937878554404, 59.009, 39.0, 59.009, 65.7, 1.204 
1.4887211641960763,0.12787011909680346,0.15766222285410325,0.04333145012665003,-0.01281184264832206,0.12791744315306253, 59.001, 39.0, 59.001, 65.6, 1.203 
1.488663376870959,0.12786475853591062,0.15764564881367296,0.04333953684623356,-0.012785608519099639,0.1279189399623597, 1.4887248109707012,0.1278643274370298,0.15764496808661924,0.04332948018224317,-0.0127857205569703,0.12791092250246766, 1.4886917929019665,0.12786540117551895,0.15764920314982123,0.043333556553429256,-0.012790567501938716,0.12791318296616494, 1.4886257567644976,0.1278675486524972,0.1576576732762251,0.04334170929580143,-0.012800261391875543,0.12791770389355944, 59.001, 39.0, 59.001, 65.7, 1.204 
1.4886752838675994,0.1278659380447635,0.15765132068142218,0.0433355947390223,-0.012792990974422921,0.12791431319801355, 1.4886554598335562,0.12786479797072628,0.15765878376183196,0.043337031459679744,-0.012800311012873277,0.12791581899347607, 59.001, 39.0, 59.001, 65.7, 1.204 
1.4887148670164043,0.12787011759843253,0.15766188727145766,0.043326352958893415,-0.01281018817623166,0.12792110338701074, 59.001, 39.0, 59.001, 65.7, 1.204 
1.4886090915268724,0.12786587225013382,0.15764812688174673,0.04334297159592428,-0.012790535167654132,0.1279155729180811, 59.009, 38.5, 59.009, 65.6, 1.202 
1.4887082643033653,0.12786946049521444,0.15766232098197908,0.043330200426871614,-0.012812679624035298,0.12792089985987748, 59.001, 38.5, 59.001, 65.6, 1.202 
1.4886793706408068,0.12786678021476802,0.15765403396176395,0.04333424378666338,-0.012799562559424087,0.12792164826452607, 59.001, 39.0, 59.001, 65.6, 1.204 
1.4886935786563105,0.1278671015345722,0.15765581112983806,0.043331253640261226,-0.012802042050843626,0.12791876976642869, 59.001, 38.9, 59.001, 65.7, 1.204 
1.4887113856845815,0.12787124669152253,0.15765608268371484,0.04332762625222265,-0.012809197046439166,0.12792496459406275, 59.001, 39.0, 59.001, 65.7, 1.204 
1.4886792025379174,0.12787032484666006,0.15765914583366764,0.04333219494229496,-0.012809851007000666,0.1279240787636548, 59.001, 39.0, 59.001, 65.6, 1.203 
1.4886506677940923,0.12786587240808892,0.15765989532977515,0.04333734522702431,-0.01280291399825896,0.12791758865921807, 59.001, 39.0, 59.001, 65.7, 1.204 
1.488696206211959,0.12786990312066412,0.15765703584522991,0.04333005599592306,-0.012807626284394115,0.12792312061035158, 59.001, 38.5, 59.001, 65.6, 1.202 
1.488640966194121,0.12786693000858945,0.1576524735999564,0.043339852866030086,-0.012801068904520619,0.12792212227405042, 1.4886636610874895,0.1278703173235278,0.1576598067890476,0.04333383173138236,-0.012812196636360369,0.12792173539970986, 59.001, 39.0, 59.001, 65.7, 1.204 
1.4886754432524776,0.12786766449195797,0.15765547716858486,0.04333414077284313,-0.012802721078658158,0.127921670048322, 59.001, 39.0, 59.001, 65.6, 1.204 
1.4887018143570099,0.12786913119441995,0.157662370045917,0.0433295755769824,-0.012813098111891918,0.12792262821328493, 59.001, 38.5, 59.001, 65.6, 1.202 
1.4886957853113068,0.12786935250714476,0.15765972747754242,0.04332950336150813,-0.012810571442071325,0.127923738588522, 59.001, 38.5, 59.001, 65.6, 1.202 
1.4886681653023877,0.12786786595110744,0.15765744635490567,0.043334401796561645,-0.012807292752134578,0.12792323942037143, 59.001, 39.0, 59.001, 65.7, 1.204 
1.4886522279687635,0.12786733707187964,0.15765527299580084,0.04333596116150874,-0.012802025883701334,0.12791996474238676, 59.001, 39.0, 59.001, 65.7, 1.204 
1.488687283474286,0.12786956337014274,0.1576607824717613,0.043330572834694076,-0.0128116838033746,0.1279242176651736, 59.001, 38.5, 59.001, 65.6, 1.202 
1.4886873675257306,0.1278677910541967,0.15765822653580944,0.04333159725687829,-0.012806539579586312,0.12792300241560922, 59.001, 38.9, 59.001, 65.7, 1.204 
1.4887263654916953,0.1278701649183327,0.15766505100279604,0.0433255726897305,-0.01281887487923442,0.12792709621416443, 59.000, 38.5, 59.000, 65.6, 1.203 
1.4887298282211738,0.1278704023615133,0.15766541252632135,0.04332418901906722,-0.012817468719834461,0.12792510713411082, 59.000, 38.5, 59.000, 65.6, 1.203 
1.4887247795629783,0.12787134769419622,0.15766702767558824,0.043324524146146896,-0.012821864939132111,0.12792604571170685, 59.000, 39.0, 59.000, 65.7, 1.204 
1.4886967205350425,0.1278686802141966,0.15766042682075415,0.04332982897919544,-0.012810370919472762,0.12792376323963361, 59.001, 38.5, 59.001, 65.6, 1.202 
1.488671282972158,0.1278681623377741,0.15765817978322058,0.04333381237066736,-0.012808569865430056,0.12792349302837952, 59.001, 39.0, 59.001, 65.7, 1.204 
1.4887151919089199,0.12786984235557852,0.15766360434054616,0.04332659485696726,-0.012815244006233361,0.127924703607678, 59.001, 39.0, 59.001, 65.7, 1.204 
1.4886985893838323,0.1278689665440227,0.15766239457788594,0.0433292631520378,-0.012813307355820227,0.12792349238998868, 59.001, 38.5, 59.001, 65.6, 1.202 
1.4886955748609805,0.1278690772003851,0.15766107329369866,0.04332922704430066,-0.012812044020909932,0.1279240475776072, 59.001, 38.5, 59.001, 65.6, 1.202 
1.4886913239424702,0.12786918263188407,0.1576616007908081,0.043329761780893636,-0.012812600201561568,0.127924287115933, 59.001, 38.5, 59.001, 65.6, 1.202 
1.4886960424728484,0.127868741053911,0.15766142296530455,0.043329389853144315,-0.012811943759610648,0.12792405990316302, 59.001, 38.5, 59.001, 65.6, 1.202 
1.4887108649511749,0.12786948340597906,0.15766373505632547,0.04332726170841185,-0.012816195739491477,0.12792572639042843, 59.000, 38.4, 59.000, 65.6, 1.203 
1.488712596315914,0.12786960212756937,0.15766391581808814,0.04332656987308021,-0.012815492659791499,0.1279247318504016, 59.001, 39.0, 59.001, 65.7, 1.204 
1.488683323691406,0.12786848211569973,0.15766029944653775,0.043331381548880284,-0.012811043232589298,0.127923924797536, 59.001, 39.0, 59.001, 65.6, 1.203 
1.4886906418475332,0.12786876211866716,0.15766120353942537,0.04333017862993027,-0.012812155589389848,0.1279241265607524, 59.001, 38.5, 59.001, 65.6, 1.202 
1.4886783140215982,0.12786836040818608,0.15765963636933372,0.04333166202072146,-0.012808993436188774,0.12792239698095048, 59.001, 39.0, 59.001, 65.6, 1.203 
1.4887027272187807,0.12786920265653082,0.15766271038457752,0.04332836178648925,-0.012814395163665802,0.12792489403805896, 59.001, 39.0, 59.001, 65.7, 1.204 
1.4886969768972433,0.12786888421882406,0.15766240684387045,0.0433291069395655,-0.012813411977784381,0.12792392447834056, 59.001, 38.5, 59.001, 65.6, 1.202 
1.4886954696358174,0.12786893954700526,0.1576617462017768,0.04332908888569693,-0.012812780310329234,0.1279242020721498, 59.001, 38.5, 59.001, 65.6, 1.202 
1.4886933441765624,0.12786899226275475,0.15766200995033153,0.043329356253993416,-0.012813058400655053,0.1279243218413127, 59.001, 38.5, 59.001, 65.6, 1.202 
1.4886957034417514,0.1278687714737682,0.15766192103757976,0.043329170290118756,-0.012812730179679592,0.12792420823492773, 59.001, 38.5, 59.001, 65.6, 1.202 
1.488693003129094,0.1278687820061463,0.15766181132464013,0.043329564678511734,-0.012812836094569192,0.1279242415637224, 59.001, 38.5, 59.001, 65.6, 1.202 
1.4887031146809147,0.12786914264980226,0.1576630770830902,0.04332810621775252,-0.012814856169620007,0.12792504147856043, 59.000, 38.4, 59.000, 65.6, 1.203 
1.4886868392161259,0.1278685811509057,0.15766102773959434,0.04333030637390733,-0.012811255017968653,0.12792337677382143, 59.001, 38.5, 59.001, 65.6, 1.202 
1.4886909080823232,0.12786872152562986,0.15766154007546831,0.04332975633486863,-0.012812155305881492,0.12792379295000617, 59.001, 38.5, 59.001, 65.6, 1.202 
