0.4,0.028,0.033,13.4,1.06,0.12
0.41,0.028,0.033,13.4,1.06,0.12
0.4,0.0284,0.033,13.4,1.06,0.12
0.4,0.028,0.03365,13.4,1.06,0.12
0.4,0.028,0.033,13.42,1.06,0.12
0.4,0.028,0.033,13.4,1.063,0.12
0.4,0.028,0.033,13.4,1.06,0.121
0.40333,0.02813,0.03322,13.40667,1.057,0.12033
0.405,0.0282,0.03333,13.41,1.054,0.1205
0.405,0.0282,0.03333,13.41,1.058,0.11917
0.40667,0.02827,0.03343,13.41333,1.05733,0.11989
0.40889,0.02836,0.03358,13.39111,1.05644,0.11985
0.41333,0.02853,0.03387,13.37667,1.05467,0.11978
0.41333,0.028,0.03387,13.40333,1.05467,0.11978
0.40444,0.0284,0.03416,13.40444,1.05289,0.1197
0.41593,0.02853,0.03367,13.40593,1.05052,0.1196
0.41235,0.02836,0.03397,13.39012,1.05091,0.11962
0.41646,0.02847,0.03429,13.38683,1.04788,0.1205
0.42219,0.02861,0.03478,13.37525,1.04283,0.12116
0.42219,0.02861,0.03478,13.37525,1.04816,0.11938
0.41335,0.0283,0.0348,13.36909,1.05086,0.1202
0.41595,0.02894,0.03492,13.36027,1.04544,0.12017
0.42868,0.02872,0.03488,13.34444,1.04473,0.1204
0.4408,0.02888,0.03525,13.31444,1.04065,0.12075
0.43026,0.02894,0.03549,13.33353,1.04329,0.12086
0.43492,0.02889,0.03614,13.33261,1.03574,0.12106
0.44571,0.02907,0.03727,13.31058,1.02628,0.12171
0.44568,0.02938,0.03603,13.32068,1.03136,0.12114
0.45299,0.02889,0.03628,13.3163,1.03208,0.12149
0.45702,0.02931,0.03692,13.28168,1.024,0.12299
0.47443,0.02966,0.03799,13.2349,1.01192,0.12479
0.47443,0.02966,0.03799,13.2349,1.01903,0.12242
0.48108,0.02958,0.03811,13.24373,1.01049,0.12324
0.50649,0.0299,0.03942,13.19883,0.99409,0.12443
0.48397,0.02987,0.03931,13.23926,1.00307,0.12418
0.50556,0.03036,0.04135,13.20167,0.98427,0.1259
0.49186,0.02953,0.03962,13.20588,1.00293,0.1248
0.51494,0.02961,0.04142,13.14847,0.98872,0.12664
0.4975,0.03023,0.04049,13.17345,0.99249,0.12555
0.51976,0.0309,0.04259,13.10202,0.97269,0.12758
0.52205,0.03044,0.04057,13.13345,0.98703,0.12662
0.5092,0.03011,0.04071,13.17532,0.98361,0.12731
0.5208,0.03026,0.04161,13.15547,0.98129,0.12578
0.52738,0.03057,0.04266,13.11721,0.97299,0.12818
0.53895,0.03051,0.04257,13.081,0.97038,0.12857
0.54677,0.03117,0.04324,13.07276,0.95966,0.1292
0.53304,0.03076,0.04234,13.10604,0.97048,0.1281
0.50559,0.02994,0.04053,13.1726,0.99211,0.1259
0.52618,0.03056,0.04189,13.12268,0.97589,0.12755
0.50978,0.03033,0.04053,13.15345,0.98976,0.12609
0.50335,0.03017,0.0406,13.17439,0.98805,0.12643
0.50915,0.03024,0.04105,13.16446,0.98689,0.12567
0.51244,0.0304,0.04157,13.14533,0.98274,0.12687
0.51823,0.03037,0.04153,13.12722,0.98143,0.12706
0.51527,0.0305,0.04141,13.13974,0.98149,0.12683
0.50154,0.03009,0.04051,13.17302,0.9923,0.12573
0.51184,0.03039,0.04119,13.14806,0.98419,0.12655
0.50364,0.03028,0.04051,13.16345,0.99113,0.12582
0.50043,0.0302,0.04054,13.17392,0.99027,0.12599
0.50333,0.03024,0.04077,13.16895,0.98969,0.12561
0.50497,0.03032,0.04103,13.15939,0.98761,0.12621
0.50787,0.0303,0.04101,13.15033,0.98696,0.12631
0.50639,0.03036,0.04095,13.15659,0.98699,0.12619
0.49952,0.03016,0.0405,13.17323,0.9924,0.12564
0.50467,0.03031,0.04084,13.16075,0.98834,0.12605
0.50057,0.03026,0.0405,13.16845,0.99181,0.12569
0.49897,0.03022,0.04051,13.17368,0.99138,0.12577
0.50041,0.03023,0.04063,13.1712,0.99109,0.12558
0.50124,0.03027,0.04076,13.16642,0.99005,0.12588
0.50268,0.03027,0.04075,13.16189,0.98973,0.12593
0.50195,0.0303,0.04072,13.16502,0.98974,0.12587
0.49851,0.03019,0.04049,13.17334,0.99244,0.1256
0.50109,0.03027,0.04066,13.1671,0.99041,0.1258
0.49904,0.03024,0.04049,13.17095,0.99215,0.12562
0.49823,0.03022,0.0405,13.17356,0.99194,0.12566
0.49896,0.03023,0.04056,13.17232,0.99179,0.12557
0.49937,0.03025,0.04062,13.16993,0.99127,0.12572
0.50009,0.03025,0.04062,13.16767,0.99111,0.12574
0.49972,0.03026,0.0406,13.16923,0.99111,0.12571
0.49801,0.03021,0.04049,13.17339,0.99247,0.12558
0.4993,0.03025,0.04057,13.17027,0.99145,0.12568
0.49827,0.03024,0.04049,13.1722,0.99232,0.12559
0.49787,0.03023,0.04049,13.1735,0.99221,0.12561
0.49823,0.03023,0.04052,13.17288,0.99214,0.12556
0.49844,0.03024,0.04055,13.17169,0.99188,0.12564
0.4988,0.03024,0.04055,13.17056,0.9918,0.12565
0.49861,0.03025,0.04054,13.17134,0.9918,0.12563
0.49776,0.03022,0.04049,13.17342,0.99248,0.12556
0.4984,0.03024,0.04053,13.17186,0.99197,0.12562
0.49789,0.03023,0.04049,13.17282,0.9924,0.12557
0.49769,0.03023,0.04049,13.17348,0.99235,0.12558
0.49787,0.03023,0.0405,13.17317,0.99231,0.12556
0.49797,0.03024,0.04052,13.17257,0.99219,0.12559
0.49815,0.03024,0.04052,13.172,0.99214,0.1256
0.49806,0.03024,0.04052,13.17239,0.99215,0.12559
0.49786,0.03023,0.04052,13.17286,0.99214,0.12559
0.49836,0.03024,0.04054,13.17204,0.99194,0.12562
0.49815,0.03024,0.04052,13.17239,0.99208,0.1256
0.49772,0.03023,0.0405,13.1731,0.99235,0.12557
0.49804,0.03024,0.04052,13.17257,0.99214,0.12559
0.49778,0.03023,0.0405,13.17332,0.99233,0.12557
0.49783,0.03023,0.0405,13.17302,0.99227,0.12559
0.49792,0.03023,0.0405,13.17274,0.99225,0.12559
0.49787,0.03023,0.0405,13.17293,0.99225,0.12559
0.49777,0.03023,0.04051,13.17317,0.99225,0.12559
0.49792,0.03023,0.04051,13.17293,0.99221,0.12559
0.49776,0.03023,0.0405,13.17329,0.9923,0.12558
0.49766,0.03023,0.0405,13.17366,0.99232,0.12557
0.4977,0.03023,0.04049,13.17359,0.99232,0.12557
0.49772,0.03023,0.0405,13.17339,0.99225,0.12559
0.49773,0.03023,0.0405,13.17337,0.99227,0.12559
0.49769,0.03023,0.04049,13.17353,0.99234,0.12558
0.49767,0.03023,0.04049,13.17357,0.99234,0.12558
0.49773,0.03023,0.0405,13.17332,0.9923,0.12558
0.4978,0.03023,0.0405,13.1732,0.99228,0.12559
0.49772,0.03023,0.0405,13.17338,0.99233,0.12558
0.49773,0.03023,0.04049,13.1734,0.99234,0.12558
0.49778,0.03023,0.0405,13.1732,0.99231,0.12558
0.49779,0.03023,0.0405,13.17313,0.9923,0.12559
0.49768,0.03023,0.04049,13.17343,0.99236,0.12558
0.49777,0.03023,0.0405,13.17326,0.9923,0.12558
0.49773,0.03023,0.04049,13.17339,0.99233,0.12558
0.49775,0.03023,0.0405,13.17329,0.99232,0.12558
0.49776,0.03023,0.0405,13.17325,0.99231,0.12558
0.4977,0.03023,0.04049,13.17343,0.99234,0.12558
0.49773,0.03023,0.0405,13.17335,0.99231,0.12558
0.49776,0.03023,0.0405,13.17329,0.9923,0.12558
0.49775,0.03023,0.0405,13.17328,0.9923,0.12559
0.49771,0.03023,0.04049,13.17342,0.99232,0.12558
0.49775,0.03023,0.0405,13.1733,0.99232,0.12558
0.49772,0.03023,0.0405,13.17338,0.99232,0.12558
0.49771,0.03023,0.04049,13.17343,0.99234,0.12558
0.49774,0.03023,0.0405,13.17332,0.99231,0.12558
0.49769,0.03023,0.04049,13.17343,0.99234,0.12558
0.49774,0.03023,0.0405,13.17333,0.99231,0.12558
0.49773,0.03023,0.04049,13.17336,0.99233,0.12558
0.49774,0.03023,0.04049,13.17332,0.99233,0.12558
0.49774,0.03023,0.04049,13.17333,0.99233,0.12558
0.49773,0.03023,0.0405,13.17337,0.99232,0.12558
0.49774,0.03023,0.04049,13.17334,0.99232,0.12558
0.49773,0.03023,0.0405,13.17335,0.99232,0.12558
0.49774,0.03023,0.0405,13.17331,0.99231,0.12558
0.49772,0.03023,0.04049,13.17337,0.99233,0.12558
0.49774,0.03023,0.0405,13.17332,0.99231,0.12558
0.49774,0.03023,0.0405,13.17334,0.99232,0.12558
0.49774,0.03023,0.0405,13.17333,0.99232,0.12558
0.49774,0.03023,0.0405,13.17331,0.99231,0.12558
0.49774,0.03023,0.0405,13.17333,0.99231,0.12558
0.49773,0.03023,0.0405,13.17335,0.99232,0.12558
0.49774,0.03023,0.0405,13.17332,0.99232,0.12558
0.49773,0.03023,0.04049,13.17336,0.99232,0.12558
0.49773,0.03023,0.0405,13.17334,0.99231,0.12558
0.49774,0.03023,0.0405,13.17334,0.99232,0.12558
0.49774,0.03023,0.0405,13.17332,0.99231,0.12558
0.49774,0.03023,0.0405,13.17332,0.99231,0.12558
0.49773,0.03023,0.0405,13.17334,0.99232,0.12558
0.49773,0.03023,0.0405,13.17334,0.99232,0.12558
0.49774,0.03023,0.0405,13.17332,0.99231,0.12558
0.49774,0.03023,0.0405,13.17333,0.99232,0.12558
0.49775,0.03023,0.0405,13.1733,0.99231,0.12559
0.49775,0.03023,0.0405,13.1733,0.99231,0.12559
0.49774,0.03023,0.0405,13.1733,0.99231,0.12559
0.49774,0.03023,0.0405,13.17332,0.99231,0.12558
0.49773,0.03023,0.0405,13.17334,0.99231,0.12558
0.49774,0.03023,0.0405,13.17331,0.99231,0.12558
0.49774,0.03023,0.0405,13.17332,0.99231,0.12558
0.49774,0.03023,0.0405,13.17332,0.99231,0.12558
0.49774,0.03023,0.0405,13.17332,0.99231,0.12558
0.49774,0.03023,0.0405,13.17332,0.99231,0.12558
0.49774,0.03023,0.0405,13.17331,0.99231,0.12559
0.49774,0.03023,0.0405,13.17331,0.99231,0.12558
0.49774,0.03023,0.0405,13.17333,0.99231,0.12558
0.49774,0.03023,0.0405,13.17332,0.99231,0.12558
0.49774,0.03023,0.0405,13.17333,0.99231,0.12558
0.49774,0.03023,0.0405,13.17331,0.99231,0.12558
0.49774,0.03023,0.0405,13.17332,0.99231,0.12558
0.49774,0.03023,0.0405,13.17332,0.99231,0.12558
0.49774,0.03023,0.0405,13.17332,0.99231,0.12558
0.49774,0.03023,0.0405,13.17332,0.99231,0.12558
0.49774,0.03023,0.0405,13.17332,0.99231,0.12558
0.49774,0.03023,0.0405,13.17331,0.99231,0.12559
0.49774,0.03023,0.0405,13.17332,0.99231,0.12558
0.49774,0.03023,0.0405,13.17332,0.99231,0.12558
